0 133.49877845560835
0.0006666666666666666 133.32744682857117
0.0013333333333333333 133.15611566686263
0.002 132.98478543580927
0.0026666666666666666 132.81345660073356
0.0033333333333333335 132.64212962695186
0.004 132.47080497977217
0.004666666666666667 132.2994831244923
0.005333333333333333 132.1281645263979
0.006 131.95684965076046
0.006666666666666667 131.78553896283506
0.007333333333333333 131.61423292785844
0.008 131.44293201104702
0.008666666666666666 131.27163667759487
0.009333333333333334 131.10034739267158
0.01 130.92906462142022
0.010666666666666666 130.75778882895509
0.011333333333333334 130.5865204803595
0.012 130.4152600406848
0.012666666666666666 130.24400797494735
0.013333333333333334 130.0727647481264
0.014 129.9015308251631
0.014666666666666666 129.73030667095742
0.015333333333333332 129.55909275036655
0.016 129.38788952820238
0.016666666666666666 129.21669746923058
0.017333333333333333 129.0455170381673
0.018 128.87434869967785
0.018666666666666668 128.70319291837464
0.019333333333333334 128.53205015881548
0.02 128.36092088550058
0.020666666666666667 128.1898055628702
0.021333333333333333 128.0187046553041
0.022 127.84761862711888
0.02266666666666667 127.67654794256578
0.023333333333333334 127.50549306582877
0.024 127.33445446102314
0.024666666666666667 127.16343259219212
0.025333333333333333 126.99242792330493
0.026 126.82144091825593
0.02666666666666667 126.65047204086206
0.027333333333333334 126.4795217548607
0.028 126.30859052390836
0.028666666666666667 126.13767881157729
0.029333333333333333 125.96678708135347
0.03 125.7959157966359
0.030666666666666665 125.62506542073386
0.03133333333333333 125.45423641686541
0.032 125.2834292481528
0.03266666666666666 125.11264437762242
0.03333333333333333 124.9418822682035
0.034 124.77114338272649
0.034666666666666665 124.6004281839212
0.035333333333333335 124.42973713441224
0.036 124.25907069671834
0.03666666666666667 124.08842933324898
0.037333333333333336 123.91781350630491
0.038 123.74722367807615
0.03866666666666667 123.57666031063742
0.03933333333333333 123.40612386594735
0.04 123.23561480584519
0.04066666666666666 123.06513359205135
0.04133333333333333 122.89468068616414
0.042 122.72425654965762
0.042666666666666665 122.55386164388094
0.043333333333333335 122.38349643005375
0.044 122.21316136926556
0.04466666666666667 122.04285692247227
0.04533333333333334 121.87258355049676
0.046 121.70234171402556
0.04666666666666667 121.53213187360696
0.04733333333333333 121.36195448965006
0.048 121.19181002242037
0.048666666666666664 121.02169893203907
0.04933333333333333 120.85162167847963
0.05 120.68157872156833
0.050666666666666665 120.51157052098225
0.051333333333333335 120.3415975362448
0.052 120.17166022672494
0.05266666666666667 120.00175905163383
0.05333333333333334 119.83189447002545
0.054 119.6620669407932
0.05466666666666667 119.49227692266797
0.05533333333333333 119.32252487421732
0.056 119.15281125384104
0.056666666666666664 118.98313651977035
0.05733333333333333 118.81350113006472
0.058 118.6439055426122
0.058666666666666666 118.47435021512625
0.059333333333333335 118.30483560514375
0.06 118.13536217002417
0.06066666666666667 117.96593036694513
0.06133333333333333 117.79654065290174
0.062 117.62719348470259
0.06266666666666666 117.45788931897388
0.06333333333333334 117.28862861215073
0.064 117.11941182048251
0.06466666666666666 116.95023940002045
0.06533333333333333 116.78111180661939
0.066 116.61202949594238
0.06666666666666667 116.44299292345137
0.06733333333333333 116.27400254440536
0.068 116.10505881386308
0.06866666666666667 115.93616218668099
0.06933333333333333 115.76731311750656
0.07 115.59851206077636
0.07066666666666667 115.42975947072095
0.07133333333333333 115.26105580135602
0.072 115.09240150648031
0.07266666666666667 114.92379703968068
0.07333333333333333 114.75524285432303
0.074 114.58673940355042
0.07466666666666667 114.41828714028568
0.07533333333333334 114.2498865172294
0.076 114.08153798685336
0.07666666666666666 113.91324200139854
0.07733333333333334 113.74499901287999
0.078 113.57680947307801
0.07866666666666666 113.4086738335362
0.07933333333333334 113.24059254556396
0.08 113.07256606023459
0.08066666666666666 112.90459482837873
0.08133333333333333 112.73667930058234
0.082 112.5688199271916
0.08266666666666667 112.40101715830409
0.08333333333333333 112.23327144376684
0.084 112.06558323317887
0.08466666666666667 111.89795297588924
0.08533333333333333 111.73038112099054
0.086 111.56286811731687
0.08666666666666667 111.39541441344872
0.08733333333333333 111.22802045770423
0.088 111.06068669813718
0.08866666666666667 110.89341358253952
0.08933333333333333 110.72620155843951
0.09 110.55905107309515
0.09066666666666667 110.39196257349224
0.09133333333333334 110.22493650634917
0.092 110.05797331810824
0.09266666666666666 109.8910734549337
0.09333333333333334 109.72423736271426
0.094 109.55746548706112
0.09466666666666666 109.39075827330157
0.09533333333333334 109.22411616647705
0.096 109.05753961134778
0.09666666666666666 108.89102905238433
0.09733333333333333 108.72458493376547
0.098 108.55820769938084
0.09866666666666667 108.39189779282881
0.09933333333333333 108.22565565741029
0.1 108.05948173612661
0.10066666666666667 107.89337647168436
0.10133333333333333 107.72734030648675
0.102 107.5613736826317
0.10266666666666667 107.39547704191644
0.10333333333333333 107.22965082582903
0.104 107.0638954755465
0.10466666666666667 106.89821143193714
0.10533333333333333 106.73259913555863
0.106 106.56705902665178
0.10666666666666667 106.4015915451386
0.10733333333333334 106.23619713062682
0.108 106.07087622240154
0.10866666666666666 105.90562925942321
0.10933333333333334 105.7404566803301
0.11 105.57535892343637
0.11066666666666666 105.41033642672578
0.11133333333333334 105.24538962784986
0.112 105.08051896413237
0.11266666666666666 104.91572487256093
0.11333333333333333 104.75100778978519
0.114 104.5863681521191
0.11466666666666667 104.42180639553906
0.11533333333333333 104.25732295567765
0.116 104.09291826782187
0.11666666666666667 103.92859276691746
0.11733333333333333 103.76434688756073
0.118 103.60018106399662
0.11866666666666667 103.43609573012095
0.11933333333333333 103.27209131947868
0.12 103.10816826525762
0.12066666666666667 102.94432700028665
0.12133333333333333 102.78056795704005
0.122 102.61689156762934
0.12266666666666666 102.45329826380143
0.12333333333333334 102.28978847694081
0.124 102.12636263806776
0.12466666666666666 101.96302117783219
0.12533333333333332 101.79976452651294
0.126 101.63659311401263
0.12666666666666668 101.47350736986002
0.12733333333333333 101.31050772321424
0.128 101.14759460285575
0.12866666666666668 100.98476843718552
0.12933333333333333 100.82202965422297
0.13 100.6593786816043
0.13066666666666665 100.49681594658054
0.13133333333333333 100.33434187601561
0.132 100.17195689638459
0.13266666666666665 100.00966143377168
0.13333333333333333 99.84745591386846
0.134 99.68534076197196
0.13466666666666666 99.52331640298287
0.13533333333333333 99.3613832613995
0.136 99.19954176132407
0.13666666666666666 99.03779232646087
0.13733333333333334 98.87613538010632
0.138 98.71457134515119
0.13866666666666666 98.55310064407858
0.13933333333333334 98.39172369896231
0.14 98.23044093146486
0.14066666666666666 98.06925276283557
0.14133333333333334 97.9081596139089
0.142 97.7471619051025
0.14266666666666666 97.58626005641534
0.14333333333333334 97.4254544874259
0.144 97.26474561729039
0.14466666666666667 97.10413386474077
0.14533333333333334 96.94361964808303
0.146 96.78320338519535
0.14666666666666667 96.62288549352229
0.14733333333333334 96.46266639008081
0.148 96.30254649145843
0.14866666666666667 96.14252621380366
0.14933333333333335 95.98260597282801
0.15 95.8227861838041
0.15066666666666667 95.66306726156402
0.15133333333333332 95.50344962049739
0.152 95.34393367454948
0.15266666666666667 95.18451983721957
0.15333333333333332 95.02520852155902
0.154 94.86600014016942
0.15466666666666667 94.7068951052009
0.15533333333333332 94.5478938283503
0.156 94.38899672085542
0.15666666666666668 94.23020419350098
0.15733333333333333 94.07151665661675
0.158 93.91293452006819
0.15866666666666668 93.75445819325844
0.15933333333333333 93.59608808512642
0.16 93.43782460414518
0.16066666666666668 93.27966815832005
0.16133333333333333 93.12161915518682
0.162 92.96367800181001
0.16266666666666665 92.80584510478108
0.16333333333333333 92.64812087021659
0.164 92.49050570375644
0.16466666666666666 92.33300001056217
0.16533333333333333 92.17560419531132
0.166 92.01831866220323
0.16666666666666666 91.86114381495712
0.16733333333333333 91.70408005680305
0.168 91.5471277904838
0.16866666666666666 91.39028741825301
0.16933333333333334 91.23355934187359
0.17 91.07694396261584
0.17066666666666666 90.92044168125564
0.17133333333333334 90.76405289807286
0.172 90.60777801284951
0.17266666666666666 90.4516174248679
0.17333333333333334 90.29557153290907
0.174 90.13964073525092
0.17466666666666666 89.98382542966644
0.17533333333333334 89.82812601342206
0.176 89.67254288327592
0.17666666666666667 89.51707643547236
0.17733333333333334 89.36172706574756
0.178 89.20649516932768
0.17866666666666667 89.05138114092004
0.17933333333333334 88.89638537471497
0.18 88.74150826438394
0.18066666666666667 88.58675020307801
0.18133333333333335 88.43211158342605
0.182 88.27759279753292
0.18266666666666667 88.12319423697787
0.18333333333333332 87.96891629281282
0.184 87.81475935556053
0.18466666666666667 87.660723815213
0.18533333333333332 87.50681006122981
0.186 87.35301848253269
0.18666666666666668 87.19934946751101
0.18733333333333332 87.04580340402002
0.188 86.89238067937212
0.18866666666666668 86.73908168033876
0.18933333333333333 86.58590679314854
0.19 86.43285640348576
0.19066666666666668 86.27993089648858
0.19133333333333333 86.12713065674731
0.192 85.97445606830284
0.19266666666666668 85.82190751464489
0.19333333333333333 85.66948537871028
0.194 85.51719004288134
0.19466666666666665 85.36502188898422
0.19533333333333333 85.21298129828368
0.196 85.06106865148843
0.19666666666666666 84.9092843287493
0.19733333333333333 84.75762870965086
0.198 84.60610217321316
0.19866666666666666 84.45470509788994
0.19933333333333333 84.30343786156712
0.2 84.15230084156109
0.20066666666666666 84.00129441461699
0.20133333333333334 83.85041895690716
0.202 83.69967484402946
0.20266666666666666 83.54906245100553
0.20333333333333334 83.39858215227929
0.204 83.24823432171524
0.20466666666666666 83.09801933259676
0.20533333333333334 82.94793755762456
0.206 82.797989368915
0.20666666666666667 82.64817513799512
0.20733333333333334 82.49849523580772
0.208 82.34895003270962
0.20866666666666667 82.1995398984635
0.20933333333333334 82.05026520223961
0.21 81.90112631261402
0.21066666666666667 81.75212359756713
0.21133333333333335 81.60325742448204
0.212 81.45452816014283
0.21266666666666667 81.3059361707331
0.21333333333333335 81.15748182183432
0.214 81.00916547842408
0.21466666666666667 80.86098750487471
0.21533333333333332 80.71294826495159
0.216 80.56504812180825
0.21666666666666667 80.41728743799133
0.21733333333333332 80.26966657543898
0.218 80.12218589547277
0.21866666666666668 79.97484575879943
0.21933333333333332 79.8276465255091
0.22 79.68058855507388
0.22066666666666668 79.5336722063463
0.22133333333333333 79.38689783755754
0.222 79.24026580631607
0.22266666666666668 79.09377646960601
0.22333333333333333 78.94743018378547
0.224 78.80122730458513
0.22466666666666665 78.65516818710663
0.22533333333333333 78.50925318581778
0.226 78.36348265455747
0.22666666666666666 78.21785694653394
0.22733333333333333 78.07237641431708
0.228 77.92704140983994
0.22866666666666666 77.7818522843972
0.22933333333333333 77.63680938864366
0.23 77.4919130725927
0.23066666666666666 77.34716368561466
0.23133333333333334 77.20256157643546
0.232 77.05810709313496
0.23266666666666666 76.91380058314544
0.23333333333333334 76.76964239325012
0.234 76.62563286958165
0.23466666666666666 76.48177235762044
0.23533333333333334 76.33806120219337
0.236 76.19449974747216
0.23666666666666666 76.05108833696877
0.23733333333333334 75.9078273135401
0.238 75.76471701938634
0.23866666666666667 75.62175779604354
0.23933333333333334 75.4789499843851
0.24 75.33629392462014
0.24066666666666667 75.1937899562922
0.24133333333333334 75.05143841827771
0.242 74.90923964878438
0.24266666666666667 74.76719398534983
0.24333333333333335 74.62530176484016
0.244 74.48356332344827
0.24466666666666667 74.34197899669256
0.24533333333333332 74.20054911941546
0.246 74.05927402577886
0.24666666666666667 73.91815404926874
0.24733333333333332 73.77718952269353
0.248 73.63638077817689
0.24866666666666667 73.49572814715913
0.24933333333333332 73.35523196039574
0.25 73.21489254795455
0.25066666666666665 73.07471023922304
0.25133333333333335 72.93468536289066
0.252 72.79481824697085
0.25266666666666665 72.65510921877208
0.25333333333333335 72.51555860490492
0.254 72.37616673129669
0.25466666666666665 72.23693392317259
0.25533333333333336 72.09786050505427
0.256 71.95894680077579
0.25666666666666665 71.82019313346488
0.25733333333333336 71.6815998255415
0.258 71.54316719873363
0.25866666666666666 71.40489557405878
0.25933333333333336 71.26678527182249
0.26 71.128836611634
0.26066666666666666 70.99104991238791
0.2613333333333333 70.85342549226263
0.262 70.71596366873611
0.26266666666666666 70.5786647585674
0.2633333333333333 70.4415290777953
0.264 70.30455694175383
0.26466666666666666 70.16774866505406
0.2653333333333333 70.03110456158267
0.266 69.89462494451735
0.26666666666666666 69.75831012630873
0.2673333333333333 69.62216041867896
0.268 69.48617613263706
0.26866666666666666 69.35035757846087
0.2693333333333333 69.21470506569574
0.27 69.0792189031697
0.27066666666666667 68.94389939897562
0.2713333333333333 68.80874686046975
0.272 68.67376159428152
0.27266666666666667 68.53894390631204
0.2733333333333333 68.40429410172192
0.274 68.26981248492984
0.27466666666666667 68.13549935962764
0.2753333333333333 68.00135502876267
0.276 67.86737979453639
0.27666666666666667 67.73357395841936
0.2773333333333333 67.59993782113371
0.278 67.46647168265176
0.2786666666666667 67.3331758422109
0.2793333333333333 67.20005059829617
0.28 67.06709624863889
0.2806666666666667 66.93431309023146
0.2813333333333333 66.80170141931
0.282 66.66926153135313
0.2826666666666667 66.53699372109651
0.2833333333333333 66.40489828251572
0.284 66.27297550882493
0.2846666666666667 66.14122569249149
0.2853333333333333 66.0096491252188
0.286 65.87824609794504
0.2866666666666667 65.74701690085763
0.28733333333333333 65.6159618233763
0.288 65.48508115415174
0.2886666666666667 65.35437518108009
0.28933333333333333 65.22384419128588
0.29 65.09348847112096
0.2906666666666667 64.96330830617873
0.29133333333333333 64.83330398127733
0.292 64.70347578045838
0.2926666666666667 64.57382398699615
0.29333333333333333 64.4443488833962
0.294 64.31505075138395
0.2946666666666667 64.18592987190335
0.29533333333333334 64.05698652513114
0.296 63.92822099046013
0.2966666666666667 63.799633546498136
0.29733333333333334 63.67122447108187
0.298 63.542994041260634
0.2986666666666667 63.414942533295005
0.29933333333333334 63.28707022267082
0.3 63.15937738408285
0.3006666666666667 63.03186429143358
0.30133333333333334 62.90453121784706
0.302 62.77737843565269
0.30266666666666664 62.65040621638404
0.30333333333333334 62.52361483079259
0.304 62.39700454883164
0.30466666666666664 62.270575639655114
0.30533333333333335 62.144328371631225
0.306 62.01826301232652
0.30666666666666664 61.89237982850465
0.30733333333333335 61.766679086139995
0.308 61.64116105040176
0.30866666666666664 61.51582598565282
0.30933333333333335 61.39067415546318
0.31 61.26570582259427
0.31066666666666665 61.1409212489977
0.31133333333333335 61.01632069582391
0.312 60.891904423420954
0.31266666666666665 60.76767269132373
0.31333333333333335 60.64362575825282
0.314 60.51976388212778
0.31466666666666665 60.396087320051684
0.31533333333333335 60.27259632830987
0.316 60.14929116238324
0.31666666666666665 60.02617207693286
0.31733333333333336 59.90323932579874
0.318 59.78049316201305
0.31866666666666665 59.65793383778478
0.31933333333333336 59.53556160449859
0.32 59.413376712727924
0.32066666666666666 59.29137941221975
0.32133333333333336 59.16956995189344
0.322 59.0479485798538
0.32266666666666666 58.92651554337593
0.3233333333333333 58.8052710889041
0.324 58.6842154620647
0.32466666666666666 58.56334890765119
0.3253333333333333 58.44267166962301
0.326 58.32218399111843
0.32666666666666666 58.20188611443961
0.3273333333333333 58.08177828105151
0.328 57.961860731594705
0.32866666666666666 57.84213370587047
0.3293333333333333 57.72259744283978
0.33 57.603252180635955
0.33066666666666666 57.48409815654998
0.3313333333333333 57.36513560702937
0.332 57.24636476768634
0.33266666666666667 57.12778587329663
0.3333333333333333 57.009399157789574
0.334 56.89120485424693
0.33466666666666667 56.773203194915475
0.3353333333333333 56.655394411192475
0.336 56.53777873362465
0.33666666666666667 56.4203563919206
0.3373333333333333 56.303127614936436
0.338 56.1860926306747
0.33866666666666667 56.06925166629677
0.3393333333333333 55.95260494810854
0.34 55.836152701559385
0.3406666666666667 55.71989515125449
0.3413333333333333 55.60383252094059
0.342 55.487965033505034
0.3426666666666667 55.372292910987895
0.3433333333333333 55.25681637456798
0.344 55.14153564456173
0.3446666666666667 55.02645094043541
0.3453333333333333 54.911562480791105
0.346 54.7968704833657
0.3466666666666667 54.68237516504297
0.3473333333333333 54.568076741839654
0.348 54.45397542890449
0.3486666666666667 54.34007144053018
0.34933333333333333 54.226364990139615
0.35 54.11285629028486
0.3506666666666667 53.99954555265911
0.35133333333333333 53.88643298808295
0.352 53.773518806503425
0.3526666666666667 53.660803217001636
0.35333333333333333 53.548286427791744
0.354 53.4359686462117
0.3546666666666667 53.323850078722266
0.35533333333333333 53.21193093091877
0.356 53.100211407517605
0.3566666666666667 52.98869171235532
0.35733333333333334 52.87737204840027
0.358 52.76625261773922
0.3586666666666667 52.655333621576425
0.35933333333333334 52.54461526024527
0.36 52.434097733194896
0.3606666666666667 52.32378123898936
0.36133333333333334 52.213665975319124
0.362 52.10375213898788
0.3626666666666667 51.99403992591161
0.36333333333333334 51.884529531130084
0.364 51.775221148793726
0.36466666666666664 51.666114972162745
0.36533333333333334 51.557211193618514
0.366 51.44851000465053
0.36666666666666664 51.3400115958556
0.36733333333333335 51.231716156949076
0.368 51.123623876752006
0.36866666666666664 51.015734943190225
0.36933333333333335 50.90804954330563
0.37 50.80056786324332
0.37066666666666664 50.69329008825079
0.37133333333333335 50.58621640268905
0.372 50.47934699001993
0.37266666666666665 50.37268203280523
0.37333333333333335 50.26622171271389
0.374 50.15996621052114
0.37466666666666665 50.05391570609986
0.37533333333333335 49.948070378419736
0.376 49.84243040555832
0.37666666666666665 49.73699596468847
0.37733333333333335 49.63176723207757
0.378 49.52674438309847
0.37866666666666665 49.421927592216996
0.37933333333333336 49.317317032991255
0.38 49.212912878082435
0.38066666666666665 49.10871529924249
0.38133333333333336 49.00472446731337
0.382 48.90094055223781
0.38266666666666665 48.7973637230471
0.38333333333333336 48.693994147860295
0.384 48.59083199389499
0.38466666666666666 48.48787742745512
0.38533333333333336 48.38513061393021
0.386 48.28259171780608
0.38666666666666666 48.18026090265276
0.3873333333333333 48.07813833112373
0.388 47.976224164966546
0.38866666666666666 47.87451856501087
0.3893333333333333 47.77302169116771
0.39 47.67173370243998
0.39066666666666666 47.57065475691061
0.3913333333333333 47.46978501174183
0.392 47.36912462318193
0.39266666666666666 47.268673746564566
0.3933333333333333 47.168432536300685
0.394 47.06840114587783
0.39466666666666667 46.96857972787054
0.3953333333333333 46.86896843392865
0.396 46.7695674147766
0.39666666666666667 46.67037682022379
0.3973333333333333 46.571396799152936
0.398 46.472627499519454
0.39866666666666667 46.37406906836167
0.3993333333333333 46.27572165178933
0.4 46.17758539498296
0.40066666666666667 46.07966044220404
0.4013333333333333 45.98194693678356
0.402 45.884445021121415
0.4026666666666667 45.78715483669653
0.4033333333333333 45.69007652405551
0.404 45.59321022281201
0.4046666666666667 45.4965560716568
0.4053333333333333 45.40011420834653
0.406 45.303884769703096
0.4066666666666667 45.20786789162367
0.4073333333333333 45.11206370906951
0.408 45.01647235606536
0.4086666666666667 44.92109396570939
0.4093333333333333 44.825928670162156
0.41 44.730976600645945
0.4106666666666667 44.63623788745471
0.41133333333333333 44.54171265994306
0.412 44.44740104652565
0.4126666666666667 44.3533031746836
0.41333333333333333 44.259419170963916
0.414 44.16574916097202
0.4146666666666667 44.0722932693712
0.41533333333333333 43.979051619892395
0.416 43.88602433532335
0.4166666666666667 43.79321153750807
0.41733333333333333 43.700613347356544
0.418 43.608229884834
0.4186666666666667 43.51606126896035
0.41933333333333334 43.42410761781984
0.42 43.33236904855045
0.4206666666666667 43.24084567734328
0.42133333333333334 43.149537619452225
0.422 43.05844498918334
0.4226666666666667 42.96756789989438
0.42333333333333334 42.87690646400427
0.424 42.786460792982695
0.4246666666666667 42.69623099734954
0.42533333333333334 42.606217186684376
0.426 42.51641946961608
0.4266666666666667 42.42683795382231
0.42733333333333334 42.33747274603894
0.428 42.24832395204976
0.42866666666666664 42.15939167668596
0.42933333333333334 42.070676023835524
0.43 41.98217709643295
0.43066666666666664 41.89389499645882
0.43133333333333335 41.8058298249491
0.432 41.71798168198498
0.43266666666666664 41.63035066669241
0.43333333333333335 41.542936877248124
0.434 41.45574041087924
0.43466666666666665 41.36876136385637
0.43533333333333335 41.28199983149322
0.436 41.19545590815575
0.43666666666666665 41.10912968725219
0.43733333333333335 41.02302126123264
0.438 40.9371307215982
0.43866666666666665 40.851458158891056
0.43933333333333335 40.76600366269406
0.44 40.68076732163984
0.44066666666666665 40.59574922340094
0.44133333333333336 40.510949454689424
0.442 40.42636810126596
0.44266666666666665 40.34200524792998
0.44333333333333336 40.25786097851937
0.444 40.173935375919406
0.44466666666666665 40.0902285220531
0.44533333333333336 40.00674049788082
0.446 39.9234713834092
0.44666666666666666 39.84042125768158
0.44733333333333336 39.7575901987776
0.448 39.67497828382212
0.44866666666666666 39.59258558897567
0.4493333333333333 39.51041218943411
0.45 39.42845815943746
0.45066666666666666 39.34672357226045
0.4513333333333333 39.265208500212175
0.452 39.18391301464187
0.45266666666666666 39.102837185938554
0.4533333333333333 39.02198108352474
0.454 38.941344775856095
0.45466666666666666 38.86092833043015
0.4553333333333333 38.78073181377703
0.456 38.70075529145915
0.45666666666666667 38.62099882807989
0.4573333333333333 38.541462487274366
0.458 38.46214633170916
0.45866666666666667 38.383050423090936
0.4593333333333333 38.30417482215729
0.46 38.22551958867651
0.46066666666666667 38.14708478145611
0.4613333333333333 38.06887045833377
0.462 37.9908766761771
0.46266666666666667 37.913103490892155
0.4633333333333333 37.835550957414426
0.464 37.7582191297086
0.4646666666666667 37.681108060777056
0.4653333333333333 37.604217802650915
0.466 37.527548406389826
0.4666666666666667 37.451099922090386
0.4673333333333333 37.37487239887731
0.468 37.29886588490318
0.4686666666666667 37.22308042735685
0.4693333333333333 37.147516072454664
0.47 37.07217286544026
0.4706666666666667 36.99705085059288
0.4713333333333333 36.92215007121869
0.472 36.84747056965057
0.4726666666666667 36.773012387253594
0.47333333333333333 36.69877556442484
0.474 36.624760140587604
0.4746666666666667 36.550966154191165
0.47533333333333333 36.4773936427191
0.476 36.404042642680686
0.4766666666666667 36.330913189610754
0.47733333333333333 36.25800531807788
0.478 36.18531906167592
0.4786666666666667 36.11285445302383
0.47933333333333333 36.04061152377384
0.48 35.96859030460303
0.4806666666666667 35.89679082521321
0.48133333333333334 35.825213114339
0.482 35.753857199739514
0.4826666666666667 35.68272310819822
0.48333333333333334 35.611810865531005
0.484 35.541120496577925
0.4846666666666667 35.47065202520304
0.48533333333333334 35.400405474302495
0.486 35.33038086579629
0.4866666666666667 35.26057822062816
0.48733333333333334 35.19099755877358
0.488 35.12163889923164
0.4886666666666667 35.052502260024916
0.48933333333333334 34.98358765820745
0.49 34.914895109856644
0.49066666666666664 34.84642463007323
0.49133333333333334 34.778176232989104
0.492 34.71014993175939
0.49266666666666664 34.64234573856233
0.49333333333333335 34.574763664604525
0.494 34.507403720120905
0.49466666666666664 34.44026591436939
0.49533333333333335 34.37335025563087
0.496 34.306656751217005
0.49666666666666665 34.240185407462405
0.49733333333333335 34.17393622972453
0.498 34.10790922239155
0.49866666666666665 34.04210438887446
0.49933333333333335 33.976521731607114
0.5 33.911161252055194
0.5006666666666667 33.84602295069961
0.5013333333333333 33.781106827044106
0.502 33.71641287962295
0.5026666666666667 33.65194110599977
0.5033333333333333 33.58769150276862
0.504 33.52366406554401
0.5046666666666667 33.459858788965924
0.5053333333333333 33.39627566669971
0.506 33.33291469143636
0.5066666666666667 33.269775854892416
0.5073333333333333 33.206859147809894
0.508 33.14416455995658
0.5086666666666667 33.08169208012591
0.5093333333333333 33.01944169613695
0.51 32.95741339483464
0.5106666666666667 32.89560716208976
0.5113333333333333 32.83402298279888
0.512 32.772660840884654
0.5126666666666667 32.71152071929576
0.5133333333333333 32.650602600006906
0.514 32.58990646401904
0.5146666666666667 32.52943229135941
0.5153333333333333 32.46918006108155
0.516 32.40914975126552
0.5166666666666667 32.34934133901791
0.5173333333333333 32.28975480047191
0.518 32.230390110787525
0.5186666666666667 32.171247244151616
0.5193333333333333 32.112326173777944
0.52 32.05362687190744
0.5206666666666667 31.995149309808276
0.5213333333333333 31.93689345777585
0.522 31.878859285133125
0.5226666666666666 31.821046760230676
0.5233333333333333 31.76345585044674
0.524 31.70608652218752
0.5246666666666666 31.648938740887246
0.5253333333333333 31.59201247100826
0.526 31.53530767604132
0.5266666666666666 31.478824318505712
0.5273333333333333 31.422562359949286
0.528 31.366521760948807
0.5286666666666666 31.31070248111006
0.5293333333333333 31.25510447906792
0.53 31.199727712486727
0.5306666666666666 31.14457213806037
0.5313333333333333 31.089637711512392
0.532 31.03492438759636
0.5326666666666666 30.980432120095962
0.5333333333333333 30.926160861825167
0.534 30.87211056462855
0.5346666666666666 30.818281179381458
0.5353333333333333 30.764672655990122
0.536 30.711284943392037
0.5366666666666666 30.65811798955614
0.5373333333333333 30.605171741482906
0.538 30.55244614520477
0.5386666666666666 30.49994114578629
0.5393333333333333 30.447656687324297
0.54 30.3955927129483
0.5406666666666666 30.343749164820647
0.5413333333333333 30.292125984136717
0.542 30.240723111125334
0.5426666666666666 30.189540485048934
0.5433333333333333 30.138578044199267
0.544 30.087835725906817
0.5446666666666666 30.03731346654097
0.5453333333333333 29.987011201501357
0.546 29.93692886522261
0.5466666666666666 29.887066391174585
0.5473333333333333 29.837423711862765
0.548 29.788000758828517
0.5486666666666666 29.738797462649305
0.5493333333333333 29.68981375293915
0.55 29.641049558348858
0.5506666666666666 29.592504806566264
0.5513333333333333 29.544179424316685
0.552 29.496073337363175
0.5526666666666666 29.448186470506776
0.5533333333333333 29.40051874758701
0.554 29.353070091482124
0.5546666666666666 29.305840424109352
0.5553333333333333 29.258829666425402
0.556 29.212037738426748
0.5566666666666666 29.16546455914989
0.5573333333333333 29.119110046671867
0.558 29.07297411811053
0.5586666666666666 29.027056689624846
0.5593333333333333 28.981357676415406
0.56 28.935876992724737
0.5606666666666666 28.89061455183758
0.5613333333333334 28.845570266081424
0.562 28.80074404682684
0.5626666666666666 28.756135804487766
0.5633333333333334 28.711745448522066
0.564 28.667572887431838
0.5646666666666667 28.62361802876377
0.5653333333333334 28.57988077910965
0.566 28.536361044106744
0.5666666666666667 28.493058728438125
0.5673333333333334 28.44997373583321
0.568 28.40710596906814
0.5686666666666667 28.364455329966127
0.5693333333333334 28.322021719398023
0.57 28.279805037282685
0.5706666666666667 28.23780518258735
0.5713333333333334 28.196022053328214
0.572 28.15445554657081
0.5726666666666667 28.113105558430387
0.5733333333333334 28.071971984072505
0.574 28.031054717713435
0.5746666666666667 27.990353652620534
0.5753333333333334 27.949868681112864
0.576 27.909599694561606
0.5766666666666667 27.86954658339045
0.5773333333333334 27.8297092370762
0.578 27.79008754414925
0.5786666666666667 27.750681392193943
0.5793333333333334 27.71149066784921
0.58 27.672515256809024
0.5806666666666667 27.63375504382283
0.5813333333333334 27.59520991269616
0.582 27.556879746291095
0.5826666666666667 27.518764426522647
0.5833333333333334 27.480863834367533
0.584 27.443177849864608
0.5846666666666667 27.405706352107313
0.5853333333333334 27.368449219248248
0.586 27.331406328499646
0.5866666666666667 27.294577556134026
0.5873333333333334 27.257962777484682
0.588 27.22156186694616
0.5886666666666667 27.185374697974936
0.5893333333333334 27.149401143089914
0.59 27.113641073872927
0.5906666666666667 27.078094360969413
0.5913333333333334 27.04276087408892
0.592 27.007640482005627
0.5926666666666667 26.972733052559036
0.5933333333333334 26.938038452654478
0.594 26.903556548263666
0.5946666666666667 26.869287204425376
0.5953333333333334 26.83523028524599
0.596 26.80138565390005
0.5966666666666667 26.767753172630933
0.5973333333333334 26.73433270275143
0.598 26.701124104644293
0.5986666666666667 26.668127237762945
0.5993333333333334 26.635341960632072
0.6 26.602768130848162
0.6006666666666667 26.570405605080236
0.6013333333333334 26.53825423907044
0.602 26.50631388763462
0.6026666666666667 26.474584404663048
0.6033333333333334 26.44306564312104
0.604 26.41175745504953
0.6046666666666667 26.380659691565807
0.6053333333333333 26.34977220286416
0.606 26.319094838216444
0.6066666666666667 26.288627445972857
0.6073333333333333 26.258369873562557
0.608 26.228321967494285
0.6086666666666667 26.198483573357127
0.6093333333333333 26.16885453582114
0.61 26.139434698638006
0.6106666666666667 26.110223904641796
0.6113333333333333 26.08122199574961
0.612 26.052428812962233
0.6126666666666667 26.023844196364927
0.6133333333333333 25.99546798512807
0.614 25.96730001750783
0.6146666666666667 25.93934013084697
0.6153333333333333 25.911588161575487
0.616 25.884043945211328
0.6166666666666667 25.856707316361163
0.6173333333333333 25.829578108721087
0.618 25.802656155077305
0.6186666666666667 25.77594128730695
0.6193333333333333 25.749433336378765
0.62 25.723132132353815
0.6206666666666667 25.69703750438631
0.6213333333333333 25.671149280724332
0.622 25.645467288706747
0.6226666666666667 25.619991354771606
0.6233333333333333 25.594721304456822
0.624 25.569656962393463
0.6246666666666667 25.544798152310268
0.6253333333333333 25.520144697034365
0.626 25.495696418492123
0.6266666666666667 25.47145313770993
0.6273333333333333 25.4474146748149
0.628 25.42358084903575
0.6286666666666667 25.39995147870357
0.6293333333333333 25.376526381252564
0.63 25.353305373220937
0.6306666666666667 25.330288270251643
0.6313333333333333 25.30747488709319
0.632 25.284865037600497
0.6326666666666667 25.262458534735696
0.6333333333333333 25.24025519056889
0.634 25.218254816279078
0.6346666666666667 25.196457222154923
0.6353333333333333 25.17486221759556
0.636 25.153469611111504
0.6366666666666667 25.132279210325464
0.6373333333333333 25.111290821973128
0.638 25.0905042519041
0.6386666666666667 25.069919305082706
0.6393333333333333 25.049535785588816
0.64 25.029353496618786
0.6406666666666667 25.00937224048627
0.6413333333333333 24.989591818623065
0.642 24.97001203158003
0.6426666666666667 24.95063267902795
0.6433333333333333 24.93145355975838
0.644 24.912474471684575
0.6446666666666667 24.89369521184236
0.6453333333333333 24.875115576390982
0.646 24.856735360614067
0.6466666666666666 24.838554358920497
0.6473333333333333 24.82057236484527
0.648 24.802789171050467
0.6486666666666666 24.785204569326137
0.6493333333333333 24.767818350591178
0.65 24.750630304894305
0.6506666666666666 24.73364022141495
0.6513333333333333 24.716847888464166
0.652 24.700253093485593
0.6526666666666666 24.683855623056377
0.6533333333333333 24.667655262888083
0.654 24.651651797827668
0.6546666666666666 24.635845011858414
0.6553333333333333 24.620234688100854
0.656 24.604820608813757
0.6566666666666666 24.58960255539507
0.6573333333333333 24.574580308382856
0.658 24.55975364745629
0.6586666666666666 24.545122351436614
0.6593333333333333 24.530686198288084
0.66 24.516444965118982
0.6606666666666666 24.502398428182584
0.6613333333333333 24.488546362878104
0.662 24.474888543751728
0.6626666666666666 24.46142474449759
0.6633333333333333 24.448154737955164
0.664 24.435078296117435
0.6646666666666666 24.422195190131887
0.6653333333333333 24.40950519029438
0.666 24.397008066053715
0.6666666666666666 24.384703586012627
0.6673333333333333 24.372591517928832
0.668 24.360671628716045
0.6686666666666666 24.34894368444496
0.6693333333333333 24.337407450344333
0.67 24.32606269080198
0.6706666666666666 24.3149091693658
0.6713333333333333 24.303946648744844
0.672 24.29317489081034
0.6726666666666666 24.28259365659673
0.6733333333333333 24.27220270630273
0.674 24.262001799292378
0.6746666666666666 24.25199069409608
0.6753333333333333 24.242169148411687
0.676 24.23253691910556
0.6766666666666666 24.223093762213598
0.6773333333333333 24.213839432942358
0.678 24.204773685670105
0.6786666666666666 24.195896273947877
0.6793333333333333 24.18720695050059
0.68 24.178705467228127
0.6806666666666666 24.170391575206377
0.6813333333333333 24.162265024688388
0.682 24.154325565105434
0.6826666666666666 24.146572945068105
0.6833333333333333 24.139006912367424
0.684 24.13162721397597
0.6846666666666666 24.124433596048945
0.6853333333333333 24.117425803925318
0.686 24.110603582128945
0.6866666666666666 24.103966674369666
0.6873333333333334 24.097514823544444
0.688 24.0912477717385
0.6886666666666666 24.085165260226432
0.6893333333333334 24.07926702947335
0.69 24.073552819136033
0.6906666666666667 24.06802236806404
0.6913333333333334 24.06267541430087
0.692 24.057511695085132
0.6926666666666667 24.05253094685166
0.6933333333333334 24.047732905232696
0.694 24.04311730505904
0.6946666666666667 24.038683880361212
0.6953333333333334 24.034432364370623
0.696 24.03036248952075
0.6966666666666667 24.026473987448295
0.6973333333333334 24.022766588994365
0.698 24.01924002420567
0.6986666666666667 24.015894022335683
0.6993333333333334 24.01272831184585
0.7 24.009742620406772
0.7006666666666667 24.006936674899386
0.7013333333333334 24.00431020141618
0.702 24.001862925262405
0.7026666666666667 23.999594570953743
0.7033333333333334 23.997504862224556
0.704 23.995593522029065
0.7046666666666667 23.99386027253558
0.7053333333333334 23.992304835131232
0.706 23.99092693042316
0.7066666666666667 23.98972627823977
0.7073333333333334 23.988702597631956
0.708 23.987855606874316
0.7086666666666667 23.9871850234664
0.7093333333333334 23.986690564133962
0.71 23.986371944830182
0.7106666666666667 23.98622888073692
0.7113333333333334 23.986261086265962
0.712 23.986468275060275
0.7126666666666667 23.986850159995267
0.7133333333333334 23.98740645318005
0.714 23.988136865958683
0.7146666666666667 23.989041108911458
0.7153333333333334 23.990118891856163
0.716 23.991369923849355
0.7166666666666667 23.992793913187633
0.7173333333333334 23.99439056740892
0.718 23.99615959329375
0.7186666666666667 23.998100696866548
0.7193333333333334 24.00021358339692
0.72 24.002497957400955
0.7206666666666667 24.004953522642506
0.7213333333333334 24.0075799821345
0.722 24.01037703814025
0.7226666666666667 24.01334439217472
0.7233333333333334 24.01648174500589
0.724 24.019788796656037
0.7246666666666667 24.023265246403046
0.7253333333333334 24.026910792781745
0.726 24.030725133585225
0.7266666666666667 24.034707965866158
0.7273333333333334 24.038858985938127
0.728 24.043177889376967
0.7286666666666667 24.04766437102209
0.7293333333333333 24.052318124977834
0.73 24.057138844614794
0.7306666666666667 24.062126222571166
0.7313333333333333 24.06727995075411
0.732 24.07259972034109
0.7326666666666667 24.078085221781226
0.7333333333333333 24.083736144796667
0.734 24.08955217838394
0.7346666666666667 24.09553301081531
0.7353333333333333 24.10167832964015
0.736 24.10798782168633
0.7366666666666667 24.114461173061557
0.7373333333333333 24.121098069154783
0.738 24.127898194637577
0.7386666666666667 24.134861233465493
0.7393333333333333 24.141986868879474
0.74 24.14927478340724
0.7406666666666667 24.156724658864658
0.7413333333333333 24.164336176357168
0.742 24.17210901628117
0.7426666666666667 24.180042858325415
0.7433333333333333 24.188137381472426
0.744 24.196392263996373
0.7446666666666667 24.204807183471534
0.7453333333333333 24.213381816773726
0.746 24.22211584007464
0.7466666666666667 24.23100892884681
0.7473333333333333 24.24006075786504
0.748 24.249271001207813
0.7486666666666667 24.258639332258724
0.7493333333333333 24.268165423707934
0.75 24.277848947553572
0.7506666666666667 24.2876895751032
0.7513333333333333 24.29768697697525
0.752 24.307840823100452
0.7526666666666667 24.318150782723308
0.7533333333333333 24.32861652440353
0.754 24.339237716017475
0.7546666666666667 24.35001402475964
0.7553333333333333 24.360945117144105
0.756 24.372030659005976
0.7566666666666667 24.383270315502873
0.7573333333333333 24.39466375111641
0.758 24.406210629653632
0.7586666666666667 24.417910614248505
0.7593333333333333 24.429763367363417
0.76 24.44176855079062
0.7606666666666667 24.453925825653737
0.7613333333333333 24.46623485240926
0.762 24.478695290847998
0.7626666666666667 24.4913068000966
0.7633333333333333 24.504069038619058
0.764 24.51698166421818
0.7646666666666667 24.5300443340371
0.7653333333333333 24.543256704560807
0.766 24.5566184316176
0.7666666666666667 24.57012917038064
0.7673333333333333 24.583788575369454
0.768 24.597596300451432
0.7686666666666667 24.611551998843368
0.7693333333333333 24.625655323112984
0.77 24.63990592518042
0.7706666666666667 24.6543034563198
0.7713333333333333 24.668847567160743
0.772 24.683537907689896
0.7726666666666666 24.69837412725246
0.7733333333333333 24.713355874553763
0.774 24.728482797660753
0.7746666666666666 24.743754544003572
0.7753333333333333 24.759170760377117
0.776 24.77473109294254
0.7766666666666666 24.790435187228837
0.7773333333333333 24.806282688134413
0.778 24.8222732399286
0.7786666666666666 24.83840648625323
0.7793333333333333 24.854682070124248
0.78 24.871099633933195
0.7806666666666666 24.887658819448834
0.7813333333333333 24.904359267818723
0.782 24.921200619570744
0.7826666666666666 24.938182514614713
0.7833333333333333 24.95530459224032
0.784 24.972566491125978
0.7846666666666666 24.98996784934044
0.7853333333333333 25.007508304337062
0.786 25.025187492959045
0.7866666666666666 25.043005051441074
0.7873333333333333 25.060960615410835
0.788 25.079053819890664
0.7886666666666666 25.09728429929916
0.7893333333333333 25.115651687452743
0.79 25.13415561756728
0.7906666666666666 25.152795722259732
0.7913333333333333 25.1715716335497
0.792 25.190482982861074
0.7926666666666666 25.209529401023662
0.7933333333333333 25.22871051827478
0.794 25.248025964260886
0.7946666666666666 25.26747536803923
0.7953333333333333 25.287058358079427
0.796 25.30677456226513
0.7966666666666666 25.326623607895662
0.7973333333333333 25.34660512168762
0.798 25.366718729776526
0.7986666666666666 25.3869640577185
0.7993333333333333 25.40734073049185
0.8 25.427848372498744
0.8006666666666666 25.448486607566878
0.8013333333333333 25.469255058951067
0.802 25.490153349334946
0.8026666666666666 25.51118110083264
0.8033333333333333 25.532337934990352
0.804 25.553623472788086
0.8046666666666666 25.575037334641298
0.8053333333333333 25.596579140402525
0.806 25.618248509363095
0.8066666666666666 25.640045060254803
0.8073333333333333 25.66196841125152
0.808 25.68401817997093
0.8086666666666666 25.706193983476204
0.8093333333333333 25.728495438277633
0.81 25.75092216033435
0.8106666666666666 25.77347376505603
0.8113333333333334 25.7961498673045
0.812 25.818950081395517
0.8126666666666666 25.84187402110043
0.8133333333333334 25.86492129964784
0.814 25.88809152972532
0.8146666666666667 25.911384323481155
0.8153333333333334 25.934799292525973
0.816 25.95833604793448
0.8166666666666667 25.9819942002472
0.8173333333333334 26.00577335947212
0.818 26.029673135086426
0.8186666666666667 26.053693136038262
0.8193333333333334 26.077832970748368
0.82 26.10209224711183
0.8206666666666667 26.12647057249984
0.8213333333333334 26.15096755376135
0.822 26.17558279722483
0.8226666666666667 26.200315908696165
0.8233333333333334 26.22516649346804
0.824 26.25013415632174
0.8246666666666667 26.27521850152109
0.8253333333333334 26.30041913281809
0.826 26.325735653454693
0.8266666666666667 26.35116766616447
0.8273333333333334 26.37671477317438
0.828 26.402376576206567
0.8286666666666667 26.42815267648001
0.8293333333333334 26.45404267471235
0.83 26.480046171121636
0.8306666666666667 26.50616276542802
0.8313333333333334 26.532392056855556
0.832 26.55873364413399
0.8326666666666667 26.58518712550044
0.8333333333333334 26.611752098701217
0.834 26.638428160993595
0.8346666666666667 26.665214909147526
0.8353333333333334 26.69211193944744
0.836 26.719118847694055
0.8366666666666667 26.746235229206068
0.8373333333333334 26.77346067882197
0.838 26.800794790901872
0.8386666666666667 26.828237159329195
0.8393333333333334 26.855787377512495
0.84 26.883445038387286
0.8406666666666667 26.911209734417753
0.8413333333333334 26.939081057598568
0.842 26.96705859945672
0.8426666666666667 26.995141951053224
0.8433333333333334 27.023330702984975
0.844 27.051624445386572
0.8446666666666667 27.08002276793203
0.8453333333333334 27.10852525983661
0.846 27.137131509858705
0.8466666666666667 27.1658411063015
0.8473333333333334 27.19465363701488
0.848 27.223568689397244
0.8486666666666667 27.25258585039722
0.8493333333333334 27.281704706515562
0.85 27.31092484380697
0.8506666666666667 27.340245847881828
0.8513333333333334 27.36966730390808
0.852 27.399188796613085
0.8526666666666667 27.428809910285324
0.8533333333333334 27.45853022877632
0.854 27.488349335502463
0.8546666666666667 27.518266813446765
0.8553333333333333 27.548282245160753
0.856 27.57839521276631
0.8566666666666667 27.608605297957432
0.8573333333333333 27.638912082002108
0.858 27.66931514574421
0.8586666666666667 27.699814069605235
0.8593333333333333 27.730408433586184
0.86 27.761097817269462
0.8606666666666667 27.791881799820622
0.8613333333333333 27.822759959990265
0.862 27.85373187611592
0.8626666666666667 27.88479712612381
0.8633333333333333 27.915955287530775
0.864 27.94720593744196
0.8646666666666667 27.978548652560935
0.8653333333333333 28.009983009191608
0.866 28.04150858323171
0.8666666666666667 28.073124950178872
0.8673333333333333 28.10483168513248
0.868 28.136628362795495
0.8686666666666667 28.168514557476332
0.8693333333333333 28.200489843090796
0.87 28.232553793163845
0.8706666666666667 28.264705980831515
0.8713333333333333 28.296945978842835
0.872 28.3292733595616
0.8726666666666667 28.361687694968314
0.8733333333333333 28.39418855666209
0.874 28.426775515862445
0.8746666666666667 28.45944814341125
0.8753333333333333 28.49220600977463
0.876 28.525048685044755
0.8766666666666667 28.557975738941796
0.8773333333333333 28.59098674081583
0.878 28.624081259648648
0.8786666666666667 28.657258864055716
0.8793333333333333 28.69051912228808
0.88 28.723861602234173
0.8806666666666667 28.757285871421775
0.8813333333333333 28.79079149701993
0.882 28.82437804584078
0.8826666666666667 28.858045084341494
0.8833333333333333 28.89179217862623
0.884 28.92561889444791
0.8846666666666667 28.959524797210225
0.8853333333333333 28.99350945196954
0.886 29.027572423436737
0.8866666666666667 29.06171327597917
0.8873333333333333 29.0959315736226
0.888 29.130226880053037
0.8886666666666667 29.164598758618695
0.8893333333333333 29.19904677233195
0.89 29.233570483871155
0.8906666666666667 29.26816945558263
0.8913333333333333 29.3028432494826
0.892 29.337591427259046
0.8926666666666667 29.372413550273663
0.8933333333333333 29.407309179563835
0.894 29.442277875844464
0.8946666666666667 29.47731919950994
0.8953333333333333 29.512432710636126
0.896 29.54761796898219
0.8966666666666666 29.582874533992573
0.8973333333333333 29.618201964798985
0.898 29.653599820222222
0.8986666666666666 29.689067658774185
0.8993333333333333 29.724605038659835
0.9 29.760211517779034
0.9006666666666666 29.79588665372855
0.9013333333333333 29.83163000380404
0.902 29.86744112500187
0.9026666666666666 29.90331957402115
0.9033333333333333 29.939264907261208
0.904 29.97527668083243
0.9046666666666666 30.011354450558283
0.9053333333333333 30.047497771968217
0.906 30.083706200304142
0.9066666666666666 30.119979290522423
0.9073333333333333 30.15631659729574
0.908 30.19271767501509
0.9086666666666666 30.22918207779179
0.9093333333333333 30.26570935945933
0.91 30.30229907357538
0.9106666666666666 30.338950773423807
0.9113333333333333 30.375664012016518
0.912 30.41243834209549
0.9126666666666666 30.44927331613477
0.9133333333333333 30.48616848634234
0.914 30.52312340466213
0.9146666666666666 30.56013762277604
0.9153333333333333 30.597210692105797
0.916 30.63434216381499
0.9166666666666666 30.671531588811067
0.9173333333333333 30.70877851774721
0.918 30.746082501024368
0.9186666666666666 30.783443088793273
0.9193333333333333 30.8208598309563
0.92 30.85833227716952
0.9206666666666666 30.895859976844687
0.9213333333333333 30.933442479151154
0.922 30.971079333017876
0.9226666666666666 31.00877008713546
0.9233333333333333 31.046514289958008
0.924 31.084311489705186
0.9246666666666666 31.12216123436423
0.9253333333333333 31.160063071691837
0.926 31.198016549216213
0.9266666666666666 31.236021214239088
0.9273333333333333 31.274076613837597
0.928 31.312182294866346
0.9286666666666666 31.350337803959423
0.9293333333333333 31.388542687532293
0.93 31.42679649178384
0.9306666666666666 31.465098762698414
0.9313333333333333 31.503449046047717
0.932 31.541846887392836
0.9326666666666666 31.580291832086306
0.9333333333333333 31.61878342527398
0.934 31.657321211897095
0.9346666666666666 31.695904736694324
0.9353333333333333 31.73453354420364
0.936 31.773207178764395
0.9366666666666666 31.811925184519353
0.9373333333333334 31.8506871054166
0.938 31.88949248521158
0.9386666666666666 31.92834086746917
0.9393333333333334 31.96723179556555
0.94 32.00616481269027
0.9406666666666667 32.04513946184834
0.9413333333333334 32.08415528586207
0.942 32.12321182737315
0.9426666666666667 32.16230862884474
0.9433333333333334 32.20144523256333
0.944 32.240621180640844
0.9446666666666667 32.27983601501177
0.9453333333333334 32.319089277444846
0.946 32.35838050954518
0.9466666666666667 32.397709252746395
0.9473333333333334 32.437075048317595
0.948 32.476477437365375
0.9486666666666667 32.51591596083577
0.9493333333333334 32.55539015951632
0.95 32.594899574038145
0.9506666666666667 32.6344437448778
0.9513333333333334 32.6740222123594
0.952 32.71363451665668
0.9526666666666667 32.75328019779489
0.9533333333333334 32.792958795652865
0.954 32.832669849965114
0.9546666666666667 32.87241290032371
0.9553333333333334 32.9121874861804
0.956 32.951993146848636
0.9566666666666667 32.99182942150551
0.9573333333333334 33.03169584919381
0.958 33.07159196882415
0.9586666666666667 33.111517319176826
0.9593333333333334 33.1514714389039
0.96 33.191453866531305
0.9606666666666667 33.23146414046076
0.9613333333333334 33.27150179897181
0.962 33.31156638022395
0.9626666666666667 33.351657422258526
0.9633333333333334 33.39177446300079
0.964 33.43191704026205
0.9646666666666667 33.4720846917415
0.9653333333333334 33.512276955028355
0.966 33.55249336760395
0.9666666666666667 33.592733466843605
0.9673333333333334 33.63299679001876
0.968 33.673282874299026
0.9686666666666667 33.713591256754114
0.9693333333333334 33.75392147435595
0.97 33.7942730639807
0.9706666666666667 33.83464556241074
0.9713333333333334 33.87503850633675
0.972 33.91545143235976
0.9726666666666667 33.955883876993084
0.9733333333333334 33.99633537666444
0.974 34.03680546771801
0.9746666666666667 34.07729368641638
0.9753333333333334 34.117799568942594
0.976 34.15832265140229
0.9766666666666667 34.19886246982558
0.9773333333333334 34.23941856016919
0.978 34.27999045831852
0.9786666666666667 34.32057770008955
0.9793333333333333 34.36117982123099
0.98 34.40179635742631
0.9806666666666667 34.44242684429572
0.9813333333333333 34.4830708173982
0.982 34.52372781223367
0.9826666666666667 34.56439736424483
0.9833333333333333 34.60507900881934
0.984 34.645772281286554
0.9846666666666667 34.68647671693007
0.9853333333333333 34.72719185098983
0.986 34.76791721865352
0.9866666666666667 34.80865235506394
0.9873333333333333 34.84939679532112
0.988 34.89015007448418
0.9886666666666667 34.930911727573516
0.9893333333333333 34.9716812895728
0.99 35.01245829543098
0.9906666666666667 35.05324228006437
0.9913333333333333 35.09403277835869
0.992 35.13482932517105
0.9926666666666667 35.17563145533204
0.9933333333333333 35.21643870364779
0.994 35.25725060490194
0.9946666666666667 35.29806669385773
0.9953333333333333 35.33888650526006
0.996 35.379709573837445
0.9966666666666667 35.42053543430414
0.9973333333333333 35.4613636213622
0.998 35.5021936697034
0.9986666666666667 35.543025114011364
0.9993333333333333 35.58385748896365
1 35.62469032923097
1.0006666666666666 35.63830127598946
1.0013333333333334 35.65191206764836
1.002 35.665522549102455
1.0026666666666666 35.67913256523068
1.0033333333333334 35.69274196093848
1.004 35.70635058112312
1.0046666666666666 35.71995827067439
1.0053333333333334 35.73356487449704
1.006 35.74717023751151
1.0066666666666666 35.76077420463275
1.0073333333333334 35.77437662077095
1.008 35.78797733086491
1.0086666666666666 35.80157617985002
1.0093333333333334 35.815173012658875
1.01 35.828767674254806
1.0106666666666666 35.84236000959971
1.0113333333333334 35.85594986365476
1.012 35.869537081413895
1.0126666666666666 35.88312150787168
1.0133333333333334 35.89670298802396
1.014 35.91028136690142
1.0146666666666666 35.9238564895374
1.0153333333333334 35.93742820096854
1.016 35.950996346268404
1.0166666666666666 35.96456077051519
1.0173333333333334 35.97812131879249
1.018 35.99167783622281
1.0186666666666666 36.00523016793539
1.0193333333333334 36.01877815906682
1.02 36.03232165479473
1.0206666666666666 36.04586050030545
1.0213333333333334 36.05939454079474
1.022 36.07292362150144
1.0226666666666666 36.086447587675096
1.0233333333333334 36.09996628457673
1.024 36.11347955751248
1.0246666666666666 36.12698725180126
1.0253333333333334 36.140489212775435
1.026 36.153985285814585
1.0266666666666666 36.16747531631306
1.0273333333333334 36.18095914968069
1.028 36.194436631376576
1.0286666666666666 36.20790760687665
1.0293333333333334 36.221371921674304
1.03 36.23482942131428
1.0306666666666666 36.24827995136014
1.0313333333333334 36.261723357394956
1.032 36.27515948505519
1.0326666666666666 36.28858817999815
1.0333333333333334 36.302009287902685
1.034 36.31542265450307
1.0346666666666666 36.32882812555646
1.0353333333333334 36.342225546843565
1.036 36.35561476420259
1.0366666666666666 36.368995623496616
1.0373333333333334 36.382367970614276
1.038 36.39573165150378
1.0386666666666666 36.40908651214023
1.0393333333333334 36.4224323985263
1.04 36.43576915672627
1.0406666666666666 36.449096632833346
1.0413333333333334 36.4624146729703
1.042 36.47572312332359
1.0426666666666666 36.48902183011057
1.0433333333333332 36.502310639580216
1.044 36.51558939804721
1.0446666666666666 36.52885795185916
1.0453333333333332 36.54211614739729
1.046 36.555363831110576
1.0466666666666666 36.568600849482934
1.0473333333333332 36.5818270490339
1.048 36.59504227635282
1.0486666666666666 36.608246378065985
1.0493333333333332 36.6214392008373
1.05 36.634620591402545
1.0506666666666666 36.64779039653643
1.0513333333333332 36.66094846305328
1.052 36.67409463784135
1.0526666666666666 36.687228767829815
1.0533333333333332 36.700350699989485
1.054 36.71346028136713
1.0546666666666666 36.72655735905244
1.0553333333333332 36.739641780178765
1.056 36.7527133919574
1.0566666666666666 36.7657720416446
1.0573333333333332 36.77881757654225
1.058 36.79184984403226
1.0586666666666666 36.80486869154344
1.0593333333333332 36.81787396655227
1.06 36.83086551661726
1.0606666666666666 36.84384318934585
1.0613333333333332 36.856806832395094
1.062 36.86975629350614
1.0626666666666666 36.88269142047107
1.0633333333333332 36.89561206113354
1.064 36.908518063423344
1.0646666666666667 36.92140927532318
1.0653333333333332 36.93428554486934
1.066 36.947146720186254
1.0666666666666667 36.959992649453255
1.0673333333333332 36.972823180905266
1.068 36.98563816286735
1.0686666666666667 36.99843744372148
1.0693333333333332 37.011220871907156
1.07 37.023988295956094
1.0706666666666667 37.03673956445888
1.0713333333333332 37.04947452606561
1.072 37.06219302952061
1.0726666666666667 37.07489492362904
1.0733333333333333 37.087580057257576
1.074 37.10024827936912
1.0746666666666667 37.1128994389894
1.0753333333333333 37.12553338520763
1.076 37.13814996721125
1.0766666666666667 37.150749034252506
1.0773333333333333 37.1633304356491
1.078 37.17589402081897
1.0786666666666667 37.18843963924684
1.0793333333333333 37.20096714048484
1.08 37.21347637418739
1.0806666666666667 37.22596719007758
1.0813333333333333 37.23843943794795
1.082 37.25089296769527
1.0826666666666667 37.263327629287
1.0833333333333333 37.275743272761986
1.084 37.288139748265294
1.0846666666666667 37.300516906014664
1.0853333333333333 37.31287459630115
1.086 37.325212669512624
1.0866666666666667 37.337530976134445
1.0873333333333333 37.34982936672724
1.088 37.36210769192756
1.0886666666666667 37.37436580248285
1.0893333333333333 37.38660354921778
1.09 37.398820783034914
1.0906666666666667 37.41101735494969
1.0913333333333333 37.42319311605673
1.092 37.43534791753046
1.0926666666666667 37.4474816106602
1.0933333333333333 37.45959404681638
1.094 37.471685077451205
1.0946666666666667 37.48375455413373
1.0953333333333333 37.49580232851606
1.096 37.50782825233404
1.0966666666666667 37.519832177442325
1.0973333333333333 37.53181395578055
1.098 37.543773439374036
1.0986666666666667 37.5557104803689
1.0993333333333333 37.56762493099818
1.1 37.579516643582494
1.1006666666666667 37.59138547056525
1.1013333333333333 37.603231264478715
1.102 37.61505387794465
1.1026666666666667 37.62685316370959
1.1033333333333333 37.638628974610825
1.104 37.65038116357711
1.1046666666666667 37.662109583663884
1.1053333333333333 37.67381408801929
1.106 37.68549452988486
1.1066666666666667 37.69715076263076
1.1073333333333333 37.708782639721804
1.108 37.72039001471806
1.1086666666666667 37.73197274131024
1.1093333333333333 37.74353067328557
1.11 37.75506366452849
1.1106666666666667 37.766571569055984
1.1113333333333333 37.77805424098349
1.112 37.78951153452556
1.1126666666666667 37.800943304031236
1.1133333333333333 37.81234940394994
1.114 37.82372968883208
1.1146666666666667 37.83508401336452
1.1153333333333333 37.846412232336384
1.116 37.8577142006397
1.1166666666666667 37.868989773304875
1.1173333333333333 37.88023880546647
1.118 37.89146115236385
1.1186666666666667 37.902656669376704
1.1193333333333333 37.91382521199074
1.12 37.924966635798405
1.1206666666666667 37.93608079653434
1.1213333333333333 37.947167550041144
1.122 37.958226752270015
1.1226666666666667 37.96925825931627
1.1233333333333333 37.98026192738506
1.124 37.99123761279202
1.1246666666666667 38.002185171998825
1.1253333333333333 38.013104461578884
1.126 38.02399533821792
1.1266666666666667 38.03485765874966
1.1273333333333333 38.045691280121375
1.128 38.0564960593946
1.1286666666666667 38.0672718537807
1.1293333333333333 38.07801852060653
1.13 38.088735917314985
1.1306666666666667 38.099423901500785
1.1313333333333333 38.11008233087596
1.132 38.12071106327047
1.1326666666666667 38.13130995666794
1.1333333333333333 38.14187886917118
1.134 38.15241765900283
1.1346666666666667 38.16292618454105
1.1353333333333333 38.17340430428506
1.136 38.18385187685573
1.1366666666666667 38.19426876103137
1.1373333333333333 38.20465481571318
1.138 38.21500989992585
1.1386666666666667 38.225333872853426
1.1393333333333333 38.23562659380464
1.14 38.245887922213605
1.1406666666666667 38.25611771767559
1.1413333333333333 38.26631583991247
1.142 38.2764821487733
1.1426666666666667 38.286616504270164
1.1433333333333333 38.29671876654358
1.144 38.30678879586307
1.1446666666666667 38.31682645266307
1.1453333333333333 38.32683159750827
1.146 38.336804091094166
1.1466666666666667 38.34674379428307
1.1473333333333333 38.35665056806932
1.148 38.366524273579934
1.1486666666666667 38.37636477211054
1.1493333333333333 38.38617192509064
1.15 38.395945594084246
1.1506666666666667 38.40568564082579
1.1513333333333333 38.41539192718541
1.152 38.42506431516954
1.1526666666666667 38.434702666956916
1.1533333333333333 38.444306844863746
1.154 38.45387671134436
1.1546666666666667 38.4634121290272
1.1553333333333333 38.472912960680006
1.156 38.48237906921043
1.1566666666666667 38.491810317702054
1.1573333333333333 38.501206569379555
1.158 38.5105676876093
1.1586666666666667 38.51989353593544
1.1593333333333333 38.52918397804497
1.16 38.53843887776839
1.1606666666666667 38.547658099115786
1.1613333333333333 38.55684150624187
1.162 38.56598896344665
1.1626666666666667 38.575100335211495
1.1633333333333333 38.58417548616421
1.164 38.59321428107966
1.1646666666666667 38.60221658490401
1.1653333333333333 38.61118226275537
1.166 38.62011117990063
1.1666666666666667 38.62900320175608
1.1673333333333333 38.63785819392358
1.168 38.646676022155546
1.1686666666666667 38.65545655235556
1.1693333333333333 38.664199650614556
1.17 38.67290518317577
1.1706666666666667 38.68157301643535
1.1713333333333333 38.690203016978565
1.172 38.69879505154476
1.1726666666666667 38.70734898702793
1.1733333333333333 38.71586469051298
1.174 38.72434202924062
1.1746666666666667 38.73278087060794
1.1753333333333333 38.74118108220472
1.176 38.74954253177826
1.1766666666666667 38.757865087234
1.1773333333333333 38.7661486166718
1.178 38.774392988350805
1.1786666666666668 38.78259807069
1.1793333333333333 38.790763732304555
1.18 38.79888984197062
1.1806666666666668 38.806976268625945
1.1813333333333333 38.81502288140618
1.182 38.823029549609686
1.1826666666666668 38.830996142698126
1.1833333333333333 38.83892253033282
1.184 38.8468085823395
1.1846666666666668 38.85465416870889
1.1853333333333333 38.86245915963311
1.186 38.87022342547041
1.1866666666666668 38.877946836745714
1.1873333333333334 38.885629264187074
1.188 38.89327057869035
1.1886666666666668 38.90087065131979
1.1893333333333334 38.90842935334448
1.19 38.915946556203
1.1906666666666668 38.923422131504005
1.1913333333333334 38.93085595106269
1.192 38.93824788686544
1.1926666666666668 38.945597811070385
1.1933333333333334 38.95290559604389
1.194 38.960171114325185
1.1946666666666668 38.967394238626916
1.1953333333333334 38.97457484187168
1.196 38.981712797156575
1.1966666666666668 38.988807977753815
1.1973333333333334 38.99586025714719
1.198 39.00286950899672
1.1986666666666668 39.00983560713915
1.1993333333333334 39.01675842562452
1.2 39.02363783868071
1.2006666666666668 39.030473720714006
1.2013333333333334 39.037265946345634
1.202 39.04401439037632
1.2026666666666668 39.050718927786825
1.2033333333333334 39.05737943377454
1.204 39.06399578371799
1.2046666666666668 39.07056785317735
1.2053333333333334 39.07709551793109
1.206 39.08357865394041
1.2066666666666668 39.09001713734985
1.2073333333333334 39.09641084452384
1.208 39.10275965201121
1.2086666666666666 39.10906343654571
1.2093333333333334 39.115322075082645
1.21 39.12153544476331
1.2106666666666666 39.12770342291554
1.2113333333333334 39.13382588709036
1.212 39.139902715026395
1.2126666666666666 39.14593378465043
1.2133333333333334 39.15191897411405
1.214 39.15785816175801
1.2146666666666666 39.16375122611284
1.2153333333333334 39.16959804593549
1.216 39.175398500173685
1.2166666666666666 39.18115246796652
1.2173333333333334 39.186859828681065
1.218 39.192520461876796
1.2186666666666666 39.198134247306115
1.2193333333333334 39.20370106495102
1.22 39.209220794987466
1.2206666666666666 39.21469331778592
1.2213333333333334 39.220118513948044
1.222 39.22549626427101
1.2226666666666666 39.230826449748065
1.2233333333333334 39.23610895160524
1.224 39.24134365126564
1.2246666666666666 39.246530430349985
1.2253333333333334 39.25166917071337
1.226 39.25675975440951
1.2266666666666666 39.261802063691285
1.2273333333333334 39.2667959810475
1.228 39.27174138916715
1.2286666666666666 39.27663817093991
1.2293333333333334 39.281486209492954
1.23 39.28628538815516
1.2306666666666666 39.29103559045764
1.2313333333333334 39.29573670017053
1.232 39.300388601267215
1.2326666666666666 39.304991177924855
1.2333333333333334 39.30954431456113
1.234 39.31404789579852
1.2346666666666666 39.318501806464766
1.2353333333333334 39.32290593162969
1.236 39.32726015656939
1.2366666666666666 39.33156436676677
1.2373333333333334 39.335818447948306
1.238 39.340022286048274
1.2386666666666666 39.34417576720923
1.2393333333333334 39.34827877781884
1.24 39.35233120447404
1.2406666666666666 39.356332933981555
1.2413333333333334 39.3602838533947
1.242 39.36418384997756
1.2426666666666666 39.36803281120549
1.2433333333333334 39.37183062480193
1.244 39.37557717870257
1.2446666666666666 39.379272361055826
1.2453333333333334 39.382916060247574
1.246 39.386508164901635
1.2466666666666666 39.39004856385604
1.2473333333333334 39.3935371461635
1.248 39.39697380112827
1.2486666666666666 39.400358418270244
1.2493333333333334 39.40369088732547
1.25 39.40697109828298
1.2506666666666666 39.41019894134892
1.2513333333333334 39.41337430694703
1.252 39.41649708575547
1.2526666666666666 39.41956716867097
1.2533333333333334 39.42258444680927
1.254 39.42554881154199
1.2546666666666666 39.42846015446073
1.2553333333333334 39.43131836737754
1.256 39.4341233423618
1.2566666666666666 39.436874971704256
1.2573333333333334 39.43957314791753
1.258 39.442217763773
1.2586666666666666 39.444808712264845
1.2593333333333334 39.447345886610506
1.26 39.4498291802876
1.2606666666666666 39.452258486997934
1.2613333333333334 39.45463370066798
1.262 39.456954715485814
1.2626666666666666 39.45922142586507
1.2633333333333334 39.461433726445456
1.264 39.46359151212964
1.2646666666666666 39.465694678047264
1.2653333333333334 39.46774311955543
1.266 39.46973673227558
1.2666666666666666 39.4716754120575
1.2673333333333334 39.47355905497981
1.268 39.47538755738682
1.2686666666666666 39.477160815852585
1.2693333333333334 39.47887872718133
1.27 39.48054118844438
1.2706666666666666 39.48214809694409
1.2713333333333334 39.4836993502144
1.272 39.48519484605765
1.2726666666666666 39.48663448250862
1.2733333333333334 39.48801815783496
1.274 39.489345770574104
1.2746666666666666 39.49061721949725
1.2753333333333334 39.491832403609806
1.276 39.49299122218828
1.2766666666666666 39.494093574744284
1.2773333333333334 39.495139361024975
1.278 39.496128481049915
1.2786666666666666 39.4970608350751
1.2793333333333334 39.497936323593365
1.28 39.4987548473713
1.2806666666666666 39.49951630741323
1.2813333333333334 39.50022060496161
1.282 39.50086764153396
1.2826666666666666 39.5014573188868
1.2833333333333334 39.50198953901613
1.284 39.50246420419428
1.2846666666666666 39.5028812169339
1.2853333333333334 39.50324047998836
1.286 39.50354189638866
1.2866666666666666 39.50378536940741
1.2873333333333334 39.50397080255922
1.288 39.5040980996376
1.2886666666666666 39.504167164678904
1.2893333333333334 39.50417790196279
1.29 39.50413021604908
1.2906666666666666 39.50402401174169
1.2913333333333334 39.50385919408909
1.292 39.50363566842117
1.2926666666666666 39.503353340313154
1.2933333333333332 39.503012115586095
1.294 39.50261190034368
1.2946666666666666 39.502152600936185
1.2953333333333332 39.50163412396095
1.296 39.501056376299154
1.2966666666666666 39.50041926507985
1.2973333333333332 39.49972269768031
1.298 39.49896658176295
1.2986666666666666 39.4981508252392
1.2993333333333332 39.497275336269986
1.3 39.49634002330253
1.3006666666666666 39.49534479503434
1.3013333333333332 39.49428956041356
1.302 39.49317422867589
1.3026666666666666 39.49199870930847
1.3033333333333332 39.4907629120503
1.304 39.48946674692912
1.3046666666666666 39.48811012422529
1.3053333333333332 39.48669295447222
1.306 39.48521514849322
1.3066666666666666 39.483676617365425
1.3073333333333332 39.48207727242019
1.308 39.48041702527994
1.3086666666666666 39.478695787822076
1.3093333333333332 39.4769134721794
1.31 39.475069990776916
1.3106666666666666 39.47316525629581
1.3113333333333332 39.471199181673775
1.312 39.469171680141876
1.3126666666666666 39.4670826651885
1.3133333333333332 39.46493205055969
1.314 39.462719750295996
1.3146666666666667 39.4604456786964
1.3153333333333332 39.45810975031871
1.316 39.45571188001635
1.3166666666666667 39.45325198290231
1.3173333333333332 39.450729974349514
1.318 39.44814577002762
1.3186666666666667 39.44549928586698
1.3193333333333332 39.442790438058985
1.32 39.44001914309286
1.3206666666666667 39.43718531771962
1.3213333333333332 39.434288878952415
1.322 39.43132974410335
1.3226666666666667 39.428307830747386
1.3233333333333333 39.42522305672274
1.324 39.42207534016764
1.3246666666666667 39.41886459948425
1.3253333333333333 39.41559075333909
1.326 39.41225372068759
1.3266666666666667 39.408853420774506
1.3273333333333333 39.40538977310997
1.328 39.40186269746987
1.3286666666666667 39.39827211393258
1.3293333333333333 39.39461794284289
1.33 39.39090010481243
1.3306666666666667 39.38711852075633
1.3313333333333333 39.383273111857235
1.332 39.3793637995656
1.3326666666666667 39.37539050563649
1.3333333333333333 39.371353152093455
1.334 39.36725166122895
1.3346666666666667 39.36308595564098
1.3353333333333333 39.35885595819715
1.336 39.354561592034926
1.3366666666666667 39.35020278059837
1.3373333333333333 39.34577944760212
1.338 39.34129151703172
1.3386666666666667 39.3367389131803
1.3393333333333333 39.332121560612556
1.34 39.32743938416512
1.3406666666666667 39.322692308983164
1.3413333333333333 39.317880260484436
1.342 39.31300316435961
1.3426666666666667 39.30806094660885
1.3433333333333333 39.303053533505896
1.344 39.297980851598396
1.3446666666666667 39.29284282774446
1.3453333333333333 39.28763938907672
1.346 39.282370463002685
1.3466666666666667 39.277035977241276
1.3473333333333333 39.27163585978692
1.348 39.26617003890985
1.3486666666666667 39.26063844319267
1.3493333333333333 39.25504100149441
1.35 39.24937764295088
1.3506666666666667 39.24364829701118
1.3513333333333333 39.237852893401765
1.352 39.231991362126806
1.3526666666666667 39.22606363350468
1.3533333333333333 39.220069638132045
1.354 39.21400930688421
1.3546666666666667 39.20788257095155
1.3553333333333333 39.20168936180371
1.356 39.19542961118981
1.3566666666666667 39.189103251175005
1.3573333333333333 39.182710214104574
1.358 39.176250432604206
1.3586666666666667 39.16972383961646
1.3593333333333333 39.163130368364925
1.36 39.15646995235451
1.3606666666666667 39.149742525407866
1.3613333333333333 39.14294802162952
1.362 39.13608637540623
1.3626666666666667 39.12915752144331
1.3633333333333333 39.12216139472886
1.364 39.11509793053406
1.3646666666666667 39.1079670644495
1.3653333333333333 39.10076873234939
1.366 39.09350287039188
1.3666666666666667 39.08616941505538
1.3673333333333333 39.07876830310276
1.368 39.071299471581675
1.3686666666666667 39.06376285786084
1.3693333333333333 39.05615839959429
1.37 39.04848603472164
1.3706666666666667 39.040745701504406
1.3713333333333333 39.03293733849024
1.372 39.02506088451319
1.3726666666666667 39.01711627873
1.3733333333333333 39.009103460584356
1.374 39.00102236980717
1.3746666666666667 38.99287294645279
1.3753333333333333 38.98465513086335
1.376 38.976368863668974
1.3766666666666667 38.96801408582402
1.3773333333333333 38.959590738571386
1.378 38.95109876344279
1.3786666666666667 38.942538102294925
1.3793333333333333 38.933908697273786
1.38 38.92521049081497
1.3806666666666667 38.91644342567977
1.3813333333333333 38.907607444919606
1.382 38.89870249187618
1.3826666666666667 38.889728510217715
1.3833333333333333 38.88068544390323
1.384 38.87157323718286
1.3846666666666667 38.86239183463388
1.3853333333333333 38.8531411811252
1.386 38.84382122181752
1.3866666666666667 38.834431902199434
1.3873333333333333 38.82497316805185
1.388 38.81544496544823
1.3886666666666667 38.80584724079062
1.3893333333333333 38.7961799407741
1.39 38.78644301238702
1.3906666666666667 38.77663640294697
1.3913333333333333 38.76676006006531
1.392 38.75681393164736
1.3926666666666667 38.74679796592837
1.3933333333333333 38.73671211143803
1.394 38.72655631700068
1.3946666666666667 38.716330531771256
1.3953333333333333 38.70603470519983
1.396 38.6956687870318
1.3966666666666667 38.68523272734379
1.3973333333333333 38.674726476508226
1.398 38.664149985193546
1.3986666666666667 38.653503204400046
1.3993333333333333 38.642786085424476
1.4 38.63199857986025
1.4006666666666667 38.621140639633275
1.4013333333333333 38.61021221696655
1.402 38.59921326438038
1.4026666666666667 38.58814373472817
1.4033333333333333 38.57700358116105
1.404 38.565792757128094
1.4046666666666667 38.55451121641207
1.4053333333333333 38.54315891309408
1.406 38.53173580155382
1.4066666666666667 38.5202418364934
1.4073333333333333 38.50867697293756
1.408 38.49704116621021
1.4086666666666667 38.48533437193463
1.4093333333333333 38.473556546069126
1.41 38.461707644871765
1.4106666666666667 38.449787624900566
1.4113333333333333 38.43779644304914
1.412 38.42573405651144
1.4126666666666667 38.41360042278195
1.4133333333333333 38.40139549969127
1.414 38.38911924537094
1.4146666666666667 38.376771618253585
1.4153333333333333 38.36435257710848
1.416 38.35186208100637
1.4166666666666667 38.33930008931968
1.4173333333333333 38.32666656175796
1.418 38.31396145833282
1.4186666666666667 38.30118473935806
1.4193333333333333 38.28833636548512
1.42 38.27541629766803
1.4206666666666667 38.26242449716353
1.4213333333333333 38.24936092556651
1.422 38.236225544774975
1.4226666666666667 38.223018316990135
1.4233333333333333 38.209739204751834
1.424 38.196388170903525
1.4246666666666667 38.18296517859241
1.4253333333333333 38.16947019130478
1.426 38.15590317283102
1.4266666666666667 38.14226408726575
1.4273333333333333 38.128552899043136
1.428 38.11476957290192
1.4286666666666668 38.10091407388558
1.4293333333333333 38.08698636737756
1.43 38.07298641906637
1.4306666666666668 38.058914194945686
1.4313333333333333 38.04476966134962
1.432 38.030552784917774
1.4326666666666668 38.016263532595424
1.4333333333333333 38.00190187166863
1.434 37.987467769729435
1.4346666666666668 37.972961194675975
1.4353333333333333 37.958382114747586
1.436 37.943730498490005
1.4366666666666668 37.92900631475552
1.4373333333333334 37.91420953273799
1.438 37.89934012193812
1.4386666666666668 37.88439805216354
1.4393333333333334 37.86938329356386
1.44 37.854295816595915
1.4406666666666668 37.83913559202391
1.4413333333333334 37.82390259095437
1.442 37.80859678480146
1.4426666666666668 37.79321814528709
1.4433333333333334 37.77776664447586
1.444 37.762242254740364
1.4446666666666668 37.74664494876135
1.4453333333333334 37.73097469956256
1.446 37.71523148047615
1.4466666666666668 37.69941526514277
1.4473333333333334 37.68352602754639
1.448 37.66756374197976
1.4486666666666668 37.65152838304447
1.4493333333333334 37.63541992568577
1.45 37.61923834515798
1.4506666666666668 37.602983617024655
1.4513333333333334 37.58665571719328
1.452 37.57025462188077
1.4526666666666668 37.553780307613586
1.4533333333333334 37.537232751262415
1.454 37.5206119300077
1.4546666666666668 37.503917821339755
1.4553333333333334 37.48715040309334
1.456 37.47030965341334
1.4566666666666668 37.4533955507548
1.4573333333333334 37.43640807391746
1.458 37.41934720201151
1.4586666666666666 37.402212914457536
1.4593333333333334 37.38500519102115
1.46 37.36772401177861
1.4606666666666666 37.350369357116925
1.4613333333333334 37.33294120776829
1.462 37.31543954477589
1.4626666666666666 37.297864349493885
1.4633333333333334 37.28021560362186
1.464 37.26249328917063
1.4646666666666666 37.244697388462264
1.4653333333333334 37.22682788416447
1.466 37.20888475925639
1.4666666666666666 37.190867997028725
1.4673333333333334 37.17277758111794
1.468 37.15461349547225
1.4686666666666666 37.13637572435156
1.4693333333333334 37.1180642523618
1.47 37.09967906442082
1.4706666666666666 37.081220145758444
1.4713333333333334 37.062687481950626
1.472 37.04408105888547
1.4726666666666666 37.02540086276326
1.4733333333333334 37.00664688013058
1.474 36.98781909784634
1.4746666666666666 36.96891750308182
1.4753333333333334 36.949942083354756
1.476 36.93089282649537
1.4766666666666666 36.911769720646504
1.4773333333333334 36.89257275429749
1.478 36.87330191625039
1.4786666666666666 36.85395719562
1.4793333333333334 36.834538581867754
1.48 36.815046064767984
1.4806666666666666 36.79547963440788
1.4813333333333334 36.7758392812214
1.482 36.75612499595552
1.4826666666666666 36.73633676967024
1.4833333333333334 36.716474593772396
1.484 36.696538459981994
1.4846666666666666 36.67652836033219
1.4853333333333334 36.65644428720305
1.486 36.63628623328792
1.4866666666666666 36.616054191593435
1.4873333333333334 36.59574815546198
1.488 36.57536811857173
1.4886666666666666 36.554914074914265
1.4893333333333334 36.534386018794606
1.49 36.51378394486478
1.4906666666666666 36.493107848090325
1.4913333333333334 36.47235772375033
1.492 36.45153356747089
1.4926666666666666 36.430635375191706
1.4933333333333334 36.4096631431661
1.494 36.388616867994436
1.4946666666666666 36.367496546590736
1.4953333333333334 36.34630217618271
1.496 36.32503375434511
1.4966666666666666 36.3036912789664
1.4973333333333334 36.282274748248774
1.498 36.260784160741466
1.4986666666666666 36.239219515307475
1.4993333333333334 36.217580811123575
1.5 36.19586804771353
1.5006666666666666 36.174081224914914
1.5013333333333334 36.15222034287909
1.502 36.13028540210439
1.5026666666666666 36.108276403402975
1.5033333333333334 36.086193347900796
1.504 36.064036237070724
1.5046666666666666 36.041805072699454
1.5053333333333334 36.0194998568875
1.506 35.997120592082204
1.5066666666666666 35.97466728104475
1.5073333333333334 35.952139926850116
1.508 35.92953853292003
1.5086666666666666 35.90686310299002
1.5093333333333334 35.88411364110944
1.51 35.86129015167425
1.5106666666666666 35.838392639394215
1.5113333333333334 35.815421109292856
1.512 35.79237556674022
1.5126666666666666 35.769256017420105
1.5133333333333334 35.746062467330006
1.514 35.722794922813854
1.5146666666666666 35.69945339052925
1.5153333333333334 35.67603787744744
1.516 35.65254839088596
1.5166666666666666 35.628984938475966
1.5173333333333334 35.60534752816216
1.518 35.58163616823542
1.5186666666666666 35.557850867300154
1.5193333333333334 35.53399163427422
1.52 35.510058478421506
1.5206666666666666 35.486051409319295
1.5213333333333334 35.46197043685828
1.522 35.43781557127495
1.5226666666666666 35.413586823119154
1.5233333333333334 35.38928420325397
1.524 35.36490772288814
1.5246666666666666 35.3404573935436
1.5253333333333334 35.315933227055446
1.526 35.29133523560418
1.5266666666666666 35.26666343168342
1.5273333333333334 35.24191782809976
1.528 35.21709843800502
1.5286666666666666 35.19220527486397
1.5293333333333334 35.167238352454234
1.53 35.14219768489842
1.5306666666666666 35.11708328663192
1.5313333333333334 35.09189517240282
1.532 35.066633357303985
1.5326666666666666 35.04129785674085
1.5333333333333334 35.015888686431396
1.534 34.99040586243811
1.5346666666666666 34.96484940113589
1.5353333333333334 34.939219319211986
1.536 34.913515633697884
1.5366666666666666 34.887738361937295
1.5373333333333334 34.86188752158607
1.538 34.83596313064402
1.5386666666666666 34.80996520742298
1.5393333333333334 34.78389377054671
1.54 34.75774883898265
1.5406666666666666 34.73153043201002
1.5413333333333334 34.70523856921976
1.542 34.678873270546184
1.5426666666666666 34.65243455623515
1.5433333333333332 34.625922446844015
1.544 34.599336963273146
1.5446666666666666 34.57267812673426
1.5453333333333332 34.5459459587503
1.546 34.51914048118689
1.5466666666666666 34.49226171622074
1.5473333333333332 34.46530968633954
1.548 34.438284414373314
1.5486666666666666 34.4111859234629
1.5493333333333332 34.38401423705983
1.55 34.35676937895764
1.5506666666666666 34.329451373260355
1.5513333333333332 34.30206024438246
1.552 34.27459601708001
1.5526666666666666 34.24705871641933
1.5533333333333332 34.21944836777685
1.554 34.191764996870205
1.5546666666666666 34.16400862972698
1.5553333333333332 34.136179292684574
1.556 34.10827701242118
1.5566666666666666 34.08030181592465
1.5573333333333332 34.05225373049227
1.558 34.02413278376177
1.5586666666666666 33.99593900368015
1.5593333333333332 33.967672418503554
1.56 33.93933305682813
1.5606666666666666 33.91092094755898
1.5613333333333332 33.88243611990995
1.562 33.853878603434474
1.5626666666666666 33.825248427994566
1.5633333333333332 33.79654562376068
1.564 33.76777022124236
1.5646666666666667 33.73892225125739
1.5653333333333332 33.7100017449316
1.566 33.681008733729456
1.5666666666666667 33.65194324942328
1.5673333333333332 33.62280532409304
1.568 33.5935949901467
1.5686666666666667 33.564312280320024
1.5693333333333332 33.53495722765607
1.57 33.50552986550507
1.5706666666666667 33.47603022755473
1.5713333333333332 33.44645834779968
1.572 33.41681426054126
1.5726666666666667 33.387098000417836
1.5733333333333333 33.357309602374244
1.574 33.3274491016616
1.5746666666666667 33.297516533867544
1.5753333333333333 33.26751193488574
1.576 33.2374353409157
1.5766666666666667 33.20728678849292
1.5773333333333333 33.17706631445847
1.578 33.14677395595885
1.5786666666666667 33.11640975047595
1.5793333333333333 33.08597373579681
1.58 33.05546595001343
1.5806666666666667 33.02488643155263
1.5813333333333333 32.994235219145935
1.582 32.96351235182931
1.5826666666666667 32.932717868973015
1.5833333333333333 32.901851810251515
1.584 32.870914215643225
1.5846666666666667 32.83990512546029
1.5853333333333333 32.80882458031853
1.586 32.77767262113723
1.5866666666666667 32.74644928916881
1.5873333333333333 32.715154625968864
1.588 32.68378867339595
1.5886666666666667 32.652351473641104
1.5893333333333333 32.620843069198074
1.59 32.58926350286301
1.5906666666666667 32.55761281776395
1.5913333333333333 32.52589105733108
1.592 32.49409826529647
1.5926666666666667 32.462234485723435
1.5933333333333333 32.430299762976894
1.594 32.39829414172311
1.5946666666666667 32.366217666958946
1.5953333333333333 32.334070383982294
1.596 32.30185233839185
1.5966666666666667 32.26956357611623
1.5973333333333333 32.23720414338453
1.598 32.204774086726076
1.5986666666666667 32.17227345299945
1.5993333333333333 32.139702289363086
1.6 32.107060643275126
1.6006666666666667 32.07434856252223
1.6013333333333333 32.041566095190376
1.602 32.008713289664584
1.6026666666666667 31.97579019465775
1.6033333333333333 31.942796859181456
1.604 31.909733332545727
1.6046666666666667 31.87659966438775
1.6053333333333333 31.843395904642787
1.606 31.810122103543915
1.6066666666666667 31.776778311650666
1.6073333333333333 31.743364579820007
1.608 31.70988095920609
1.6086666666666667 31.676327501288775
1.6093333333333333 31.64270425784473
1.61 31.609011280947158
1.6106666666666667 31.575248622994227
1.6113333333333333 31.541416336680253
1.612 31.507514474995443
1.6126666666666667 31.473543091254207
1.6133333333333333 31.43950223906643
1.614 31.405391972337227
1.6146666666666667 31.37121234529513
1.6153333333333333 31.336963412463497
1.616 31.302645228660207
1.6166666666666667 31.268257849025794
1.6173333333333333 31.23380132899491
1.618 31.19927572429605
1.6186666666666667 31.164681090979574
1.6193333333333333 31.13001748538924
1.62 31.095284964161966
1.6206666666666667 31.060483584255696
1.6213333333333333 31.025613402921092
1.622 30.990674477701244
1.6226666666666667 30.955666866459456
1.6233333333333333 30.920590627351018
1.624 30.88544581882293
1.6246666666666667 30.850232499641567
1.6253333333333333 30.814950728864552
1.626 30.77960056584048
1.6266666666666667 30.744182070236477
1.6273333333333333 30.708695302010177
1.628 30.673140321409427
1.6286666666666667 30.63751718899974
1.6293333333333333 30.60182596563639
1.63 30.5660667124641
1.6306666666666667 30.530239490944385
1.6313333333333333 30.494344362827757
1.632 30.4583813901534
1.6326666666666667 30.422350635276405
1.6333333333333333 30.386252160840087
1.634 30.35008602977564
1.6346666666666667 30.313852305329277
1.6353333333333333 30.277551051034624
1.636 30.24118233071241
1.6366666666666667 30.20474620849746
1.6373333333333333 30.16824274881122
1.638 30.131672016361424
1.6386666666666667 30.09503407616899
1.6393333333333333 30.058328993540638
1.64 30.02155683406855
1.6406666666666667 29.984717663657175
1.6413333333333333 29.947811548495917
1.642 29.91083855505883
1.6426666666666667 29.873798750131275
1.6433333333333333 29.836692200782743
1.644 29.799518974366524
1.6446666666666667 29.76227913854626
1.6453333333333333 29.724972761268877
1.646 29.687599910764245
1.6466666666666667 29.650160655562736
1.6473333333333333 29.612655064494884
1.648 29.575083206673344
1.6486666666666667 29.537445151492555
1.6493333333333333 29.499740968655047
1.65 29.4619707281446
1.6506666666666667 29.4241345002259
1.6513333333333333 29.386232355470717
1.652 29.34826436473119
1.6526666666666667 29.31023059913947
1.6533333333333333 29.27213113013379
1.654 29.23396602943184
1.6546666666666667 29.195735369030434
1.6553333333333333 29.15743922123143
1.656 29.11907765861527
1.6566666666666667 29.080650754040573
1.6573333333333333 29.042158580669994
1.658 29.003601211943824
1.6586666666666667 28.964978721579634
1.6593333333333333 28.926291183597964
1.66 28.88753867229608
1.6606666666666667 28.848721262247583
1.6613333333333333 28.809839028327985
1.662 28.77089204568858
1.6626666666666667 28.73188038975605
1.6633333333333333 28.692804136257937
1.664 28.65366336119659
1.6646666666666667 28.614458140848797
1.6653333333333333 28.575188551791133
1.666 28.535854670874013
1.6666666666666667 28.496456575221323
1.6673333333333333 28.456994342255637
1.668 28.417468049672408
1.6686666666666667 28.37787777543957
1.6693333333333333 28.338223597822644
1.67 28.29850559535905
1.6706666666666667 28.258723846857695
1.6713333333333333 28.21887843142396
1.672 28.178969428434126
1.6726666666666667 28.138996917534964
1.6733333333333333 28.0989609786686
1.674 28.058861692047028
1.6746666666666667 28.018699138151746
1.6753333333333333 27.978473397758457
1.676 27.938184551911725
1.6766666666666667 27.89783268192458
1.6773333333333333 27.857417869403115
1.678 27.81694019622126
1.6786666666666668 27.77639974452038
1.6793333333333333 27.735796596733742
1.68 27.695130835561397
1.6806666666666668 27.654402543969795
1.6813333333333333 27.613611805216117
1.682 27.572758702823293
1.6826666666666668 27.53184332057958
1.6833333333333333 27.49086574256279
1.684 27.44982605311542
1.6846666666666668 27.40872433684423
1.6853333333333333 27.367560678644345
1.686 27.326335163674493
1.6866666666666668 27.285047877356604
1.6873333333333334 27.243698905399754
1.688 27.20228833377556
1.6886666666666668 27.160816248717733
1.6893333333333334 27.119282736745934
1.69 27.077687884641257
1.6906666666666668 27.036031779445803
1.6913333333333334 26.99431450848639
1.692 26.95253615935017
1.6926666666666668 26.910696819884198
1.6933333333333334 26.868796578218994
1.694 26.82683552274432
1.6946666666666668 26.7848137421087
1.6953333333333334 26.742731325242907
1.696 26.7005883613358
1.6966666666666668 26.658384939833887
1.6973333333333334 26.61612115046466
1.698 26.573797083212572
1.6986666666666668 26.531412828318576
1.6993333333333334 26.488968476303352
1.7 26.446464117943385
1.7006666666666668 26.40389984427052
1.7013333333333334 26.361275746595037
1.702 26.31859191648188
1.7026666666666668 26.275848445750185
1.7033333333333334 26.23304542649624
1.704 26.19018295106982
1.7046666666666668 26.14726111207373
1.7053333333333334 26.104280002386627
1.706 26.06123971513948
1.7066666666666668 26.018140343715107
1.7073333333333334 25.974981981770867
1.708 25.931764723215235
1.7086666666666666 25.88848866220736
1.7093333333333334 25.84515389317961
1.71 25.801760510814265
1.7106666666666666 25.758308610043084
1.7113333333333334 25.7147982860697
1.712 25.671229634346478
1.7126666666666666 25.627602750574034
1.7133333333333334 25.58391773072352
1.714 25.5401746710136
1.7146666666666666 25.496373667909968
1.7153333333333334 25.45251481814751
1.716 25.408598218707386
1.7166666666666666 25.36462396681657
1.7173333333333334 25.320592159969856
1.718 25.276502895907072
1.7186666666666666 25.232356272612638
1.7193333333333334 25.1881523883374
1.72 25.14389134157602
1.7206666666666666 25.09957323106647
1.7213333333333334 25.055198155811784
1.722 25.010766215057544
1.7226666666666666 24.966277508291398
1.7233333333333334 24.921732135264655
1.724 24.877130195969908
1.7246666666666666 24.83247179064054
1.7253333333333334 24.7877570197722
1.726 24.74298598410054
1.7266666666666666 24.698158784600725
1.7273333333333334 24.653275522501563
1.728 24.60833629928497
1.7286666666666666 24.563341216671162
1.7293333333333334 24.51829037661814
1.73 24.473183881342866
1.7306666666666666 24.42802183329928
1.7313333333333334 24.382804335177834
1.732 24.337531489926473
1.7326666666666666 24.292203400728837
1.7333333333333334 24.246820171003762
1.734 24.201381904426135
1.7346666666666666 24.155888704905212
1.7353333333333334 24.110340676584126
1.736 24.0647379238606
1.7366666666666666 24.019080551365413
1.7373333333333334 23.973368663961878
1.738 23.92760236676645
1.7386666666666666 23.88178176512729
1.7393333333333334 23.83590696462376
1.74 23.789978071086885
1.7406666666666666 23.743995190578048
1.7413333333333334 23.697958429388496
1.742 23.65186789405964
1.7426666666666666 23.605723691361916
1.7433333333333334 23.55952592829425
1.744 23.513274712104245
1.7446666666666666 23.466970150267155
1.7453333333333334 23.420612350485374
1.746 23.37420142070845
1.7466666666666666 23.32773746911221
1.7473333333333334 23.281220604098266
1.748 23.23465093431386
1.7486666666666666 23.188028568631125
1.7493333333333334 23.141353616146606
1.75 23.09462618620094
1.7506666666666666 23.047846388358295
1.7513333333333334 23.001014332405813
1.752 22.954130128373226
1.7526666666666666 22.90719388651238
1.7533333333333334 22.86020571729672
1.754 22.81316573144071
1.7546666666666666 22.766074039879534
1.7553333333333334 22.718930753768564
1.756 22.67173598450264
1.7566666666666666 22.6244898436959
1.7573333333333334 22.577192443181243
1.758 22.529843895029487
1.7586666666666666 22.482444311529324
1.7593333333333334 22.434993805186775
1.76 22.387492488744204
1.7606666666666666 22.33994047516042
1.7613333333333334 22.292337877610127
1.762 22.244684809502782
1.7626666666666666 22.196981384462855
1.7633333333333334 22.149227716329257
1.764 22.101423919174078
1.7646666666666666 22.053570107282958
1.7653333333333334 22.00566639515452
1.766 21.95771289751898
1.7666666666666666 21.909709729318628
1.7673333333333334 21.861657005707293
1.768 21.813554842068772
1.7686666666666666 21.76540335399748
1.7693333333333334 21.717202657297904
1.77 21.668952868002872
1.7706666666666666 21.620654102354354
1.7713333333333334 21.57230647680291
1.772 21.52391010802583
1.7726666666666666 21.475465112908058
1.7733333333333334 21.426971608541624
1.774 21.378429712243676
1.7746666666666666 21.32983954153751
1.7753333333333334 21.28120121415202
1.776 21.232514848039564
1.7766666666666666 21.183780561357153
1.7773333333333334 21.134998472465902
1.778 21.086168699948715
1.7786666666666666 21.03729136259166
1.7793333333333334 20.98836657938339
1.78 20.93939446953269
1.7806666666666666 20.890375152449987
1.7813333333333334 20.841308747746776
1.782 20.792195375253016
1.7826666666666666 20.74303515499878
1.7833333333333334 20.693828207213677
1.784 20.644574652344115
1.7846666666666666 20.595274611035073
1.7853333333333334 20.545928204129535
1.786 20.49653555268559
1.7866666666666666 20.447096777958365
1.7873333333333334 20.397612001399448
1.788 20.34808134467384
1.7886666666666666 20.29850492964202
1.7893333333333334 20.248882878359385
1.79 20.199215313093035
1.7906666666666666 20.149502356304005
1.7913333333333334 20.099744130646673
1.792 20.049940758985425
1.7926666666666666 20.000092364377007
1.7933333333333332 19.950199070069942
1.794 19.90026099952104
1.7946666666666666 19.850278276377907
1.7953333333333332 19.800251024478346
1.796 19.750179367866725
1.7966666666666666 19.700063430776613
1.7973333333333332 19.649903337630214
1.798 19.599699213054542
1.7986666666666666 19.549451181864246
1.7993333333333332 19.499159369061008
1.8 19.448823899849575
1.8006666666666666 19.398444899620742
1.8013333333333332 19.34802249395073
1.802 19.297556808617088
1.8026666666666666 19.247047969581793
1.8033333333333332 19.196496102990658
1.804 19.14590133518906
1.8046666666666666 19.095263792705193
1.8053333333333332 19.04458360224948
1.806 18.99386089073014
1.8066666666666666 18.94309578523658
1.8073333333333332 18.892288413038834
1.808 18.841438901597677
1.8086666666666666 18.79054737856398
1.8093333333333332 18.739613971767646
1.81 18.68863880921703
1.8106666666666666 18.63762201911411
1.8113333333333332 18.586563729838286
1.812 18.535464069945746
1.8126666666666666 18.484323168184535
1.8133333333333332 18.43314115347846
1.814 18.38191815492649
1.8146666666666667 18.330654301817635
1.8153333333333332 18.279349723615034
1.816 18.228004549955315
1.8166666666666667 18.17661891066337
1.8173333333333332 18.125192935736546
1.818 18.073726755344037
1.8186666666666667 18.022220499841467
1.8193333333333332 17.970674299755274
1.82 17.91908828578206
1.8206666666666667 17.867462588803058
1.8213333333333332 17.815797339868624
1.822 17.76409267019762
1.8226666666666667 17.71234871119171
1.8233333333333333 17.66056559442
1.824 17.608743451618444
1.8246666666666667 17.556882414703942
1.8253333333333333 17.504982615759165
1.826 17.45304418703194
1.8266666666666667 17.401067260949198
1.8273333333333333 17.34905197010196
1.828 17.29699844724471
1.8286666666666667 17.24490682530918
1.8293333333333333 17.192777237389514
1.83 17.140609816741595
1.8306666666666667 17.088404696796736
1.8313333333333333 17.036162011146917
1.832 16.983881893544194
1.8326666666666667 16.93156447791415
1.8333333333333333 16.879209898341372
1.834 16.826818289068775
1.8346666666666667 16.77438978451096
1.8353333333333333 16.721924519239785
1.836 16.669422627983757
1.8366666666666667 16.616884245641167
1.8373333333333333 16.564309507265854
1.838 16.51169854806658
1.8386666666666667 16.45905150342
1.8393333333333333 16.406368508856616
1.84 16.35364970006009
1.8406666666666667 16.300895212880114
1.8413333333333333 16.248105183318483
1.842 16.195279747528417
1.8426666666666667 16.14241904182728
1.8433333333333333 16.089523202682788
1.844 16.036592366712348
1.8446666666666667 15.983626670695616
1.8453333333333333 15.930626251560835
1.846 15.877591246384211
1.8466666666666667 15.82452179240228
1.8473333333333333 15.771418026998422
1.848 15.718280087702224
1.8486666666666667 15.665108112201684
1.8493333333333333 15.6119022383299
1.85 15.558662604064406
1.8506666666666667 15.505389347539223
1.8513333333333333 15.452082607031718
1.852 15.39874252096193
1.8526666666666667 15.345369227904467
1.8533333333333333 15.291962866575496
1.854 15.238523575832097
1.8546666666666667 15.185051494683982
1.8553333333333333 15.131546762280658
1.856 15.078009517910761
1.8566666666666667 15.02443990101362
1.8573333333333333 14.970838051166579
1.858 14.917204108084333
1.8586666666666667 14.863538211630324
1.8593333333333333 14.809840501804231
1.86 14.756111118741288
1.8606666666666667 14.702350202723531
1.8613333333333333 14.648557894167439
1.862 14.59473433362326
1.8626666666666667 14.540879661786082
1.8633333333333333 14.486994019483646
1.864 14.433077547675653
1.8646666666666667 14.3791303874647
1.8653333333333333 14.325152680084221
1.866 14.271144566897819
1.8666666666666667 14.21710618941002
1.8673333333333333 14.163037689254374
1.868 14.108939208192808
1.8686666666666667 14.05481088812619
1.8693333333333333 14.000652871082604
1.87 13.946465299216692
1.8706666666666667 13.892248314820064
1.8713333333333333 13.838002060309732
1.872 13.78372667822744
1.8726666666666667 13.729422311249925
1.8733333333333333 13.675089102177502
1.874 13.620727193933396
1.8746666666666667 13.566336729573834
1.8753333333333333 13.5119178522768
1.876 13.457470705341352
1.8766666666666667 13.402995432197564
1.8773333333333333 13.348492176395432
1.878 13.293961081604193
1.8786666666666667 13.239402291622099
1.8793333333333333 13.184815950365495
1.88 13.13020220186813
1.8806666666666667 13.075561190290756
1.8813333333333333 13.020893059910382
1.882 12.96619795511958
1.8826666666666667 12.911476020435918
1.8833333333333333 12.856727400491371
1.884 12.801952240031634
1.8846666666666667 12.747150683925383
1.8853333333333333 12.692322877153853
1.886 12.63746896481014
1.8866666666666667 12.582589092108314
1.8873333333333333 12.527683404373146
1.888 12.47275204703941
1.8886666666666667 12.417795165657699
1.8893333333333333 12.362812905893676
1.89 12.307805413521232
1.8906666666666667 12.252772834421778
1.8913333333333333 12.197715314592978
1.892 12.142633000138847
1.8926666666666667 12.087526037269061
1.8933333333333333 12.03239457230751
1.894 11.977238751682568
1.8946666666666667 11.922058721926403
1.8953333333333333 11.866854629683354
1.896 11.811626621700377
1.8966666666666667 11.75637484482634
1.8973333333333333 11.701099446020246
1.898 11.645800572341837
1.8986666666666667 11.590478370950889
1.8993333333333333 11.535132989115263
1.9 11.479764574201687
1.9006666666666667 11.424373273675029
1.9013333333333333 11.3689592351062
1.902 11.313522606163085
1.9026666666666667 11.258063534609834
1.9033333333333333 11.202582168314576
1.904 11.14707865524053
1.9046666666666667 11.091553143445285
1.9053333333333333 11.03600578108836
1.906 10.980436716422457
1.9066666666666667 10.924846097792766
1.9073333333333333 10.86923407364434
1.908 10.813600792513522
1.9086666666666667 10.75794640302724
1.9093333333333333 10.702271053910223
1.91 10.646574893976585
1.9106666666666667 10.590858072129134
1.9113333333333333 10.535120737366395
1.912 10.479363038774384
1.9126666666666667 10.423585125525904
1.9133333333333333 10.367787146887395
1.914 10.311969252210897
1.9146666666666667 10.256131590933306
1.9153333333333333 10.200274312583105
1.916 10.14439756677244
1.9166666666666667 10.088501503196419
1.9173333333333333 10.032586271639648
1.918 9.976652021968484
1.9186666666666667 9.92069890413033
1.9193333333333333 9.864727068160004
1.92 9.808736664172162
1.9206666666666667 9.75272784236058
1.9213333333333333 9.696700753004363
1.922 9.640655546460536
1.9226666666666667 9.584592373163323
1.9233333333333333 9.528511383630187
1.924 9.472412728454586
1.9246666666666667 9.416296558305248
1.9253333333333333 9.360163023932053
1.926 9.304012276158941
1.9266666666666667 9.247844465883208
1.9273333333333333 9.19165974408119
1.928 9.135458261801364
1.9286666666666668 9.079240170163626
1.9293333333333333 9.023005620364817
1.93 8.966754763671982
1.9306666666666668 8.910487751421655
1.9313333333333333 8.854204735025212
1.932 8.797905865962294
1.9326666666666668 8.741591295780097
1.9333333333333333 8.68526117609855
1.934 8.628915658603916
1.9346666666666668 8.57255489504807
1.9353333333333333 8.516179037253512
1.936 8.45978823710713
1.9366666666666668 8.403382646559493
1.9373333333333334 8.346962417629673
1.938 8.2905277023992
1.9386666666666668 8.234078653011323
1.9393333333333334 8.177615421675696
1.94 8.121138160662474
1.9406666666666668 8.064647022301589
1.9413333333333334 8.008142158987262
1.942 7.9516237231722675
1.9426666666666668 7.895091867367207
1.9433333333333334 7.838546744144851
1.944 7.781988506134573
1.9446666666666668 7.725417306021625
1.9453333333333334 7.668833296551303
1.946 7.6122366305235545
1.9466666666666668 7.555627460792253
1.9473333333333334 7.499005940269191
1.948 7.442372221918856
1.9486666666666668 7.385726458757709
1.9493333333333334 7.329068803858002
1.95 7.272399410342727
1.9506666666666668 7.215718431384889
1.9513333333333334 7.159026020211159
1.952 7.102322330096985
1.9526666666666668 7.045607514365871
1.9533333333333334 6.988881726392855
1.954 6.932145119599794
1.9546666666666668 6.875397847454638
1.9553333333333334 6.818640063474735
1.956 6.761871921222295
1.9566666666666668 6.7050935743036515
1.9573333333333334 6.648305176372407
1.958 6.591506881125058
1.9586666666666666 6.53469884230026
1.9593333333333334 6.477881213681806
1.96 6.421054149094408
1.9606666666666666 6.364217802402978
1.9613333333333334 6.307372327515422
1.962 6.2505178783786
1.9626666666666666 6.193654608977606
1.9633333333333334 6.13678267333838
1.964 6.079902225523856
1.9646666666666666 6.023013419633225
1.9653333333333334 5.966116409804387
1.966 5.909211350210264
1.9666666666666666 5.852298395058062
1.9673333333333334 5.795377698591556
1.968 5.738449415087569
1.9686666666666666 5.681513698855233
1.9693333333333334 5.624570704237236
1.97 5.567620585609047
1.9706666666666666 5.510663497376547
1.9713333333333334 5.453699593975298
1.972 5.396729029872425
1.9726666666666666 5.339751959563496
1.9733333333333334 5.28276853757178
1.974 5.225778918449965
1.9746666666666666 5.168783256777202
1.9753333333333334 5.111781707158368
1.976 5.05477442422561
1.9766666666666666 4.997761562635562
1.9773333333333334 4.940743277068605
1.978 4.883719722230241
1.9786666666666666 4.8266910528484805
1.9793333333333334 4.769657423673102
1.98 4.712618989476857
1.9806666666666666 4.655575905053022
1.9813333333333334 4.598528325214664
1.982 4.541476404795672
1.9826666666666666 4.48442029864848
1.9833333333333334 4.427360161643333
1.984 4.370296148669143
1.9846666666666666 4.313228414631389
1.9853333333333334 4.256157114451378
1.986 4.199082403066932
1.9866666666666666 4.14200443543046
1.9873333333333334 4.084923366508212
1.988 4.027839351280807
1.9886666666666666 3.9707525447414644
1.9893333333333334 3.913663101895263
1.99 3.8565711777594966
1.9906666666666666 3.799476927362075
1.9913333333333334 3.7423805057407895
1.992 3.6852820679434872
1.9926666666666666 3.6281817690266513
1.9933333333333334 3.571079764054661
1.994 3.5139762080997983
1.9946666666666666 3.4568712562409964
1.9953333333333334 3.3997650635631027
1.996 3.3426577851567107
1.9966666666666666 3.2855495761170825
1.9973333333333334 3.2284405915434093
1.998 3.171330986538475
1.9986666666666666 3.1142209162077474
1.9993333333333334 3.057110535658639
2 3
